0.000483557 764
0.001480959 764
0.003474000 764
0.003976122 764
0.005383921 764
0.006508938 764
0.007459488 764
0.008991237 764
0.009970032 764
0.011461002 764
0.012454780 764
0.013959718 764
0.014956057 764
0.015947268 764
0.017445206 764
0.018463783 764
0.019954419 764
0.020932724 764
0.022458117 764
0.023261147 764
0.024941512 764
0.025926611 764
0.026919242 764
0.028431700 764
0.029417072 764
0.030924570 764
0.031772222 764
0.032924442 764
0.034520278 764
0.035424349 764
0.036933498 764
0.037920218 764
0.039414881 764
0.040397434 764
0.041907543 764
0.042898137 764
0.043892887 764
0.045401629 764
0.046421922 764
0.047383608 764
0.048889837 764
0.049887483 764
0.051387161 764
0.052376388 764
0.053880298 764
0.054869390 764
0.056372944 764
0.057363773 764
0.058382534 764
0.059919341 764
0.060857113 764
0.062378603 764
0.063136288 764
0.064851272 764
0.065851116 764
0.066847442 764
0.068349396 764
0.069354045 764
0.070856310 764
0.071833970 764
0.072827631 764
0.074334467 764
0.075327297 764
0.076837455 764
0.077821159 764
0.079316936 764
0.080317132 764
0.081631120 764
0.082839181 764
0.083809802 764
0.085327094 764
0.086368031 764
0.087830491 764
0.088794609 764
0.090300483 764
0.091294212 764
0.092297175 764
0.093788167 764
0.094806568 764
0.096289963 764
0.097277007 764
0.098280539 764
0.099792081 764
0.100774853 764
0.102270354 764
0.103264072 764
0.104770128 764
0.105662786 764
0.107326951 764
0.108264239 764
0.109291213 764
0.110786048 764
0.111754127 764
0.113248226 764
0.114248925 764
0.115781456 764
0.116750042 764
0.117815584 764
0.119242883 764
0.120239323 764
0.121729876 764
0.122748461 764
0.124168075 764
0.125237887 764
0.126223530 764
0.127725808 764
0.128628107 764
0.130222906 764
0.131209228 764
0.132723587 764
0.133714891 764
0.134713780 764
0.136210039 764
0.137201663 764
0.138724720 764
0.139717514 764
0.141200798 764
0.142197088 764
0.143209579 764
0.144683331 764
0.145689444 764
0.147190276 764
0.148182844 764
0.149694514 764
0.150709568 764
0.151675911 764
0.152993703 764
0.154172054 764
0.155671153 764
0.156662650 764
0.158167832 764
0.159253611 764
0.160189317 764
0.161597298 764
0.162300459 764
0.164050389 764
0.165156304 764
0.166668281 764
0.167642191 764
0.168481394 764
0.170142401 764
0.171135081 764
0.172636327 764
0.173626914 764
0.174639574 764
0.176121116 764
0.177119607 764
0.178549789 764
0.179626623 764
0.181119506 764
0.182117510 764
0.182959818 764
0.184628817 764
0.185606284 764
0.186935894 764
0.188109810 764
0.189603891 764
0.190687159 764
0.191602715 764
0.193096980 764
0.194091013 764
0.195592539 764
0.196584115 764
0.198082575 764
0.199078563 764
0.200072683 764
0.201575093 764
0.202971556 764
0.204071398 764
0.205016627 764
0.206583865 764
0.207562859 764
0.208562487 764
0.210068834 764
0.210935830 764
0.212555801 764
0.213544663 764
0.215050381 764
0.216049687 764
0.217037075 764
0.218557283 764
0.219538928 764
0.221037616 764
0.222028429 764
0.223525753 764
0.224518402 764
0.225519183 764
0.227027635 764
0.227694318 764
0.229519561 764
0.230524971 764
0.231511104 764
0.233018456 764
0.234020141 764
0.235520285 764
0.236503404 764
0.238003792 764
0.238998156 764
0.239992114 764
0.241490824 764
0.242609363 764
0.243996484 764
0.244997298 764
0.246506832 764
0.247485155 764
0.248897322 764
0.250015575 764
0.250905899 764
0.252470948 764
0.253472361 764
0.254485626 764
0.255958727 764
0.257474760 764
0.258261677 764
0.259475614 764
0.260945410 764
0.261949684 764
0.263342335 764
0.264452710 764
0.265951121 764
0.266947567 764
0.267924432 764
0.269448976 764
0.270455719 764
0.271952455 764
0.272929730 764
0.273917605 764
0.275429507 764
0.276422769 764
0.277924906 764
0.278921434 764
0.280418584 764
0.281417557 764
0.282766935 764
0.284018142 764
0.284921668 764
0.286432720 764
0.287409683 764
0.288907181 764
0.289896099 764
0.291330828 764
0.292393749 764
0.293392850 764
0.294888200 764
0.295887254 764
0.297325584 764
0.298391541 764
0.299886010 764
0.300877512 764
0.301870112 764
0.302870653 764
0.304364343 764
0.305863064 764
0.306778922 764
0.308366813 764
0.309395827 764
0.310373104 764
0.311857977 764
0.312843817 764
0.314370141 764
0.315430105 764
0.316352605 764
0.317849546 764
0.318843625 764
0.320338413 764
0.321328128 764
0.322871573 764
0.323829408 764
0.324820782 764
0.326329600 764
0.327316031 764
0.328823645 764
0.329819095 764
0.330841053 764
0.332314714 764
0.333306682 764
0.334809597 764
0.335793419 764
0.337300117 764
0.338179435 764
0.339810558 764
0.340730897 764
0.341783852 764
0.343285523 764
0.344277695 764
0.345787170 764
0.346892278 764
0.347785577 764
0.349275453 764
0.350270273 764
0.351772761 764
0.352777039 764
0.354269314 764
0.355270816 764
0.356261079 764
0.357755251 764
0.358703679 764
0.360266184 764
0.361249782 764
0.362756558 764
0.363752512 764
0.365246382 764
0.366242850 764
0.367069829 764
0.368737706 764
0.370240135 764
0.371239424 764
0.372230204 764
0.373229424 764
0.374740563 764
0.375720291 764
0.377224329 764
0.378280181 764
0.379435348 764
0.380761667 764
0.381708909 764
0.383209590 764
0.384060836 764
0.385704669 764
0.386711555 764
0.388196011 764
0.389202668 764
0.390712664 764
0.391686051 764
0.392681107 764
0.394193716 764
0.395185780 764
0.396681445 764
0.397678962 764
0.399257527 764
0.400173959 764
0.400967454 764
0.403075092 764
0.404198491 764
0.405164582 764
0.406151296 764
0.407684393 764
0.408656347 764
0.409730733 764
0.411150585 764
0.412146839 764
0.413691143 764
0.414657719 764
0.416148173 764
0.417134403 764
0.418135357 764
0.419638367 764
0.420629573 764
0.422137371 764
0.423123835 764
0.424628775 764
0.425618256 764
0.426640297 764
0.428120078 764
0.429113309 764
0.430630752 764
0.431612791 764
0.432618681 764
0.434123079 764
0.435610300 764
0.438103881 764
0.438116285 764
0.439097294 764
0.440099474 764
0.441600895 764
0.442662234 764
0.443594710 764
0.445086592 764
0.446078467 764
0.447580505 764
0.448582724 764
0.449583612 764
0.450980829 764
0.452067264 764
0.453568031 764
0.454583135 764
0.456066611 764
0.457061526 764
0.458051142 764
0.459568339 764
0.460551089 764
0.462050600 764
0.463046328 764
0.464548764 764
0.465542444 764
0.466551771 764
0.467929989 764
0.469038709 764
0.470554235 764
0.471623394 764
0.473030965 764
0.474036661 764
0.475025506 764
0.476522002 764
0.477372895 764
0.479019001 764
0.480012522 764
0.481513308 764
0.482522243 764
0.483500802 764
0.484505932 764
0.485999379 764
0.487501259 764
0.488489146 764
0.489988447 764
0.490997155 764
0.491984394 764
0.493486173 764
0.494508707 764
0.495994875 764
0.496981865 764
0.498495815 764
0.499477114 764
0.500476862 764
0.501972662 764
0.502963345 764
0.504463662 764
0.505463702 764
0.506477672 764
0.507861224 764
0.508975406 764
0.510479680 764
0.511447240 764
0.513021653 764
0.513951421 764
0.514941977 764
0.516441731 764
0.517434238 764
0.518949154 764
0.519925668 764
0.521425141 764
0.522446880 764
0.523436078 764
0.524923858 764
0.525913524 764
0.527423916 764
0.528407723 764
0.529916240 764
0.530902321 764
0.531900069 764
0.533491913 764
0.534429934 764
0.535904135 764
0.536889628 764
0.538411863 764
0.539408136 764
0.540388408 764
0.541882345 764
0.542880606 764
0.544398623 764
0.545371618 764
0.546877276 764
0.547873303 764
0.548880558 764
0.550469661 764
0.551364548 764
0.552869055 764
0.553862821 764
0.555360409 764
0.556357697 764
0.557854265 764
0.558861262 764
0.559864351 764
0.561351323 764
0.562380124 764
0.563880043 764
0.564878994 764
0.566338862 764
0.567333030 764
0.568335605 764
0.569840003 764
0.570852500 764
0.572336530 764
0.573324075 764
0.574313866 764
0.575815441 764
0.576811796 764
0.577805979 764
0.579310348 764
0.580814119 764
0.581676655 764
0.583306197 764
0.584801991 764
0.585315411 764
0.586825737 764
0.587792049 764
0.589295193 764
0.590133037 764
0.591786263 764
0.592792018 764
0.593797798 764
0.595279189 764
0.596337321 764
0.597780243 764
0.598787707 764
0.599762878 764
0.601042907 764
0.602270759 764
0.604262729 764
0.604759369 764
0.606099966 764
0.607266082 764
0.608250975 764
0.609751140 764
0.610765270 764
0.612257888 764
0.613236665 764
0.614745660 764
0.615743998 764
0.616756647 764
0.618231585 764
0.619228859 764
0.620661912 764
0.621753390 764
0.623229580 764
0.624224398 764
0.625219612 764
0.626736279 764
0.627780182 764
0.629222242 764
0.630084813 764
0.631204279 764
0.632709381 764
0.633700800 764
0.635216657 764
0.636202632 764
0.637696379 764
0.638707593 764
0.640192607 764
0.641186369 764
0.642186729 764
0.643688044 764
0.644674591 764
0.646181577 764
0.647173875 764
0.648171629 764
0.649674373 764
0.650683679 764
0.652175907 764
0.653167877 764
0.654681345 764
0.655661372 764
0.656655004 764
0.658153977 764
0.659299845 764
0.660177691 764
0.661645274 764
0.663147688 764
0.664139973 764
0.665137074 764
0.666658037 764
0.667626012 764
0.669142169 764
0.670132305 764
0.671686887 764
0.672620640 764
0.673620737 764
0.675116309 764
0.676109063 764
0.677610103 764
0.678631368 764
0.680203303 764
0.681104458 764
0.682553118 764
0.683596047 764
0.684604038 764
0.686097368 764
0.687099302 764
0.688594417 764
0.689589100 764
0.691091459 764
0.692080673 764
0.693071174 764
0.694600824 764
0.695575008 764
0.697078062 764
0.698073657 764
0.699578925 764
0.700572151 764
0.701492567 764
0.703076621 764
0.704058124 764
0.705560201 764
0.706338642 764
0.708066334 764
0.709075580 764
0.710065285 764
0.711042233 764
0.712553117 764
0.714041890 764
0.715040153 764
0.716549594 764
0.717540291 764
0.718558047 764
0.720030443 764
0.720808921 764
0.722547203 764
0.723527773 764
0.724517467 764
0.726032129 764
0.727011874 764
0.728514696 764
0.729506879 764
0.731008346 764
0.732079274 764
0.733000942 764
0.734533557 764
0.735375840 764
0.737013266 764
0.737990141 764
0.739489072 764
0.740492585 764
0.741746373 764
0.743024254 764
0.743977981 764
0.745257723 764
0.746487486 764
0.747970808 764
0.748974733 764
0.749964057 764
0.751477280 764
0.752460508 764
0.753960878 764
0.754971673 764
0.755955665 764
0.757452610 764
0.758472272 764
0.759993191 764
0.760946866 764
0.762465303 764
0.763502307 764
0.764941000 764
0.765940290 764
0.766931336 764
0.768434688 764
0.769429970 764
0.770942511 764
0.771920464 764
0.773352209 764
0.774438594 764
0.775217231 764
0.776915673 764
0.777908879 764
0.779406560 764
0.780401569 764
0.781915317 764
0.782903559 764
0.783914234 764
0.785398744 764
0.786432216 764
0.787889836 764
0.788751307 764
0.790410531 764
0.791384649 764
0.792379961 764
0.793889522 764
0.794942420 764
0.796377100 764
0.797370310 764
0.798883220 764
0.799864655 764
0.800861917 764
0.802798744 764
0.803857505 764
0.804854485 764
0.805745707 764
0.807361384 764
0.808357411 764
0.809377049 764
0.810841445 764
0.811834373 764
0.813342592 764
0.814236914 764
0.815837002 764
0.816836903 764
0.817833566 764
0.819329840 764
0.820319358 764
0.821644938 764
0.822841570 764
0.824331591 764
0.825314217 764
0.826306291 764
0.827815883 764
0.828796173 764
0.830305788 764
0.831308675 764
0.832797790 764
0.833794248 764
0.834804222 764
0.836205317 764
0.837311118 764
0.838813967 764
0.839795326 764
0.841285001 764
0.842287565 764
0.843281604 764
0.844737436 764
0.845771180 764
0.847273539 764
0.848266237 764
0.849672105 764
0.850768385 764
0.851757090 764
0.853261893 764
0.854261180 764
0.855752075 764
0.856841154 764
0.857744329 764
0.859262663 764
0.860259920 764
0.861741808 764
0.862769408 764
0.863743444 764
0.865232949 764
0.866225563 764
0.867738924 764
0.868729255 764
0.870226707 764
0.871223411 764
0.872216336 764
0.873712743 764
0.874729693 764
0.876208030 764
0.877202642 764
0.878728024 764
0.879708872 764
0.881204985 764
0.882197229 764
0.883200381 764
0.884704126 764
0.885691408 764
0.887192145 764
0.888263761 764
0.889681107 764
0.890697765 764
0.891684290 764
0.893009591 764
0.894182334 764
0.895671450 764
0.896662885 764
0.898164754 764
0.899159186 764
0.900160542 764
0.901664782 764
0.902678285 764
0.904158614 764
0.905152268 764
0.906671310 764
0.907641499 764
0.908640346 764
0.910158720 764
0.911133975 764
0.912641208 764
0.913583572 764
0.915152486 764
0.916133275 764
0.916995128 764
0.918661421 764
0.919625166 764
0.921132964 764
0.922038143 764
0.923623877 764
0.924615004 764
0.925611859 764
0.927120661 764
0.928104406 764
0.929681720 764
0.930610366 764
0.932146123 764
0.932989421 764
0.934117586 764
0.935589855 764
0.936583636 764
0.938094182 764
0.939079432 764
0.940502418 764
0.941719002 764
0.942595930 764
0.944071918 764
0.945069550 764
0.946438512 764
0.947566218 764
0.948924476 764
0.950060009 764
0.951067530 764
0.952054093 764
0.953553749 764
0.955052614 764
0.955885629 764
0.957555164 764
0.958574577 764
0.959585843 764
0.960962915 764
0.962035831 764
0.963538310 764
0.964529857 764
0.966039083 764
0.967031541 764
0.968022305 764
0.969525795 764
0.970576762 764
0.971527920 764
0.973012977 764
0.974011125 764
0.975417048 764
0.976518316 764
0.978005627 764
0.979000992 764
0.980505845 764
0.981585914 764
0.982525143 764
0.984016642 764
0.985001003 764
0.986498688 764
0.987997212 764
0.988987858 764
0.989978890 764
0.991485454 764
0.992482583 764
0.993477234 764
0.994974891 764
0.995964880 764
0.997470710 764
0.998478839 764
0.999461670 764
1.000974954 764
1.001965420 764
1.005355295 764
1.005373636 764
1.005957973 764
1.006790351 764
1.007966992 764
1.009457922 764
1.010461451 764
1.011940846 764
1.012926341 764
1.014455400 764
1.015433541 764
1.016288648 764
1.017929958 764
1.018924810 764
1.020420420 764
1.021431573 764
1.022437908 764
1.023915936 764
1.024909018 764
1.026421871 764
1.027403073 764
1.028903920 764
1.029896614 764
1.031414064 764
1.032395577 764
1.033465408 764
1.034906946 764
1.035889566 764
1.037390344 764
1.038399735 764
1.039730720 764
1.040916039 764
1.041875447 764
1.043945239 764
1.044373398 764
1.045895855 764
1.046864431 764
1.048260167 764
1.049167203 764
1.050367151 764
1.051865822 764
1.052856328 764
1.054437175 764
1.055349070 764
1.056852684 764
1.057856375 764
1.058867705 764
1.060338442 764
1.061332491 764
1.062849026 764
1.063831864 764
1.065336171 764
1.066330326 764
1.067311550 764
1.068827355 764
1.069818747 764
1.071191071 764
1.072316981 764
1.073817117 764
1.074833096 764
1.075806375 764
1.077659418 764
1.078310377 764
1.079664735 764
1.080796897 764
1.082302725 764
1.083306816 764
1.084307304 764
1.085874120 764
1.086820147 764
1.088285168 764
1.089276579 764
1.090813504 764
1.091781324 764
1.092770267 764
1.094268687 764
1.095263820 764
1.096347947 764
1.097766200 764
1.098778089 764
1.100261675 764
1.101254181 764
1.102770737 764
1.103745113 764
1.105255375 764
1.106243484 764
1.107762481 764
1.108742822 764
1.109738486 764
1.111197925 764
1.112242850 764
1.113739451 764
1.114756008 764
1.115730203 764
1.117245519 764
1.118221654 764
1.119722774 764
1.120717131 764
1.122228122 764
1.123223628 764
1.124208147 764
1.125563877 764
1.126769211 764
1.128206200 764
1.129201146 764
1.130488074 764
1.131704313 764
1.132687588 764
1.134159020 764
1.135195552 764
1.136186102 764
1.137769518 764
1.139188336 764
1.140185052 764
1.141182305 764
1.142802584 764
1.143664652 764
1.145172117 764
1.146161809 764
1.147670824 764
1.148659134 764
1.149654717 764
1.151169735 764
1.152152566 764
1.153658775 764
1.154664506 764
1.155635861 764
1.157140532 764
1.158136124 764
1.159658796 764
1.160641107 764
1.162149267 764
1.163130020 764
1.164635105 764
1.165529007 764
1.166642002 764
1.168121390 764
1.169203318 764
1.170486009 764
1.171626096 764
1.173116297 764
1.174112852 764
1.175116176 764
1.176622245 764
1.177603474 764
1.179109726 764
1.180098795 764
1.181604825 764
1.182619489 764
1.183596139 764
1.185107838 764
1.186083856 764
1.187584320 764
1.188579353 764
1.190156079 764
1.190933009 764
1.192082700 764
1.193576237 764
1.194585719 764
1.195558256 764
1.197060211 764
1.198467460 764
1.199158751 764
1.200608833 764
1.202058956 764
1.203561160 764
1.204557954 764
1.205559370 764
1.206950980 764
1.208042914 764
1.209062026 764
1.210560517 764
1.211533691 764
1.213033839 764
1.213944448 764
1.215532948 764
1.216528063 764
1.217524000 764
1.219026117 764
1.220024531 764
1.221594349 764
1.222531045 764
1.224023302 764
1.225018011 764
1.226001424 764
1.227507269 764
1.228503970 764
1.229491624 764
1.230992768 764
1.232491586 764
1.233312172 764
1.234496641 764
1.235991125 764
1.236989376 764
1.238506395 764
1.239478026 764
1.240746528 764
1.241980727 764
1.242906624 764
1.244479633 764
1.245469078 764
1.246978652 764
1.247880150 764
1.248958262 764
1.250491888 764
1.251492055 764
1.253031725 764
1.253943808 764
1.255448160 764
1.256442576 764
1.257440225 764
1.258947879 764
1.259961212 764
1.261434682 764
1.262448097 764
1.263935024 764
1.264746868 764
1.266450984 764
1.267422509 764
1.268428369 764
1.269940418 764
1.270913777 764
1.272342777 764
1.273420730 764
1.274428867 764
1.275907867 764
1.276897844 764
1.278425221 764
1.279392357 764
1.280898048 764
1.281893786 764
1.282910753 764
1.284477550 764
1.285387686 764
1.286881466 764
1.287876705 764
1.288883059 764
1.290405769 764
1.291368254 764
1.292872733 764
1.293859668 764
1.295369007 764
1.296361582 764
1.297351668 764
1.298858029 764
1.299858586 764
1.301357766 764
1.302339860 764
1.303852408 764
1.304653326 764
1.306134096 764
1.307361761 764
1.308330075 764
1.309863772 764
1.310831211 764
1.312340186 764
1.313326375 764
1.314675058 764
1.315894500 764
1.316815739 764
1.318320973 764
1.319316392 764
1.320820869 764
1.321811122 764
1.323104119 764
1.324320232 764
1.325301944 764
1.326816341 764
1.327795967 764
1.329301121 764
1.330293254 764
1.331799058 764
1.332794150 764
1.333785527 764
1.335299621 764
1.336134658 764
1.337783529 764
1.338795084 764
1.340292455 764
1.341264323 764
1.342270972 764
1.343800638 764
1.344762915 764
1.346274564 764
1.347332489 764
1.348767644 764
1.349759795 764
1.350777013 764
1.352243728 764
1.353245074 764
1.354517202 764
1.355743612 764
1.357253258 764
1.358240977 764
1.359184381 764
1.360738372 764
1.361729515 764
1.363232270 764
1.364062612 764
1.365731737 764
1.366735743 764
1.367713669 764
1.369221924 764
1.370223979 764
1.371714849 764
1.372707913 764
1.374219341 764
1.375208428 764
1.375795792 764
1.377703449 764
1.378647212 764
1.380203046 764
1.381186934 764
1.382714577 764
1.383697208 764
1.384680293 764
1.386184260 764
1.387177462 764
1.388762674 764
1.389675078 764
1.391182522 764
1.392196571 764
1.392973315 764
1.394205176 764
1.395657715 764
1.397163099 764
1.397971602 764
1.399677509 764
1.400653501 764
1.401648930 764
1.403630798 764
1.404152213 764
1.405639782 764
1.406659566 764
1.407493307 764
1.409151660 764
1.410146078 764
1.411629050 764
1.412628216 764
1.414158542 764
1.415119273 764
1.416119651 764
1.417620784 764
1.418690549 764
1.420120303 764
1.421110417 764
1.422547764 764
1.423615340 764
1.424596265 764
1.426097361 764
1.426895927 764
1.428596972 764
1.429596555 764
1.431094040 764
1.432090490 764
1.433086035 764
1.434617372 764
1.435578871 764
1.437073322 764
1.438073944 764
1.439585968 764
1.440662332 764
1.441554323 764
1.443075531 764
1.444058908 764
1.445562976 764
1.446585837 764
1.447586113 764
1.449052338 764
1.449939135 764
1.451553435 764
1.452547293 764
1.453825698 764
1.455062158 764
1.456326806 764
1.457540045 764
1.458550417 764
1.459545370 764
1.461028619 764
1.462548641 764
1.463525214 764
1.464521636 764
1.466027911 764
1.467014736 764
1.468015760 764
1.469524916 764
1.471012770 764
1.472086745 764
1.473003518 764
1.474530402 764
1.475503525 764
1.476491752 764
1.477998947 764
1.479372979 764
1.480277633 764
1.481992263 764
1.482983007 764
1.484007383 764
1.485486891 764
1.486501617 764
1.487974226 764
1.488968180 764
1.490506571 764
1.491482972 764
1.492465412 764
1.493967062 764
1.494956802 764
1.496471419 764
1.497176763 764
1.498954546 764
1.499964989 764
1.500968482 764
1.502468443 764
1.503514697 764
1.504859914 764
1.505946863 764
1.507356322 764
1.508436194 764
1.509446410 764
1.510935528 764
1.511920742 764
1.513432437 764
1.514437900 764
1.515424954 764
1.516916942 764
1.517910630 764
1.519420958 764
1.520397774 764
1.521905325 764
1.522959148 764
1.523974180 764
1.525410877 764
1.526415403 764
1.527898728 764
1.528889351 764
1.530404006 764
1.531380739 764
1.532906196 764
1.533907109 764
1.534892112 764
1.536376832 764
1.537370423 764
1.539386376 764
1.541281595 764
1.541297458 764
1.542458623 764
1.543356409 764
1.544906815 764
1.545854207 764
1.547357147 764
1.548357489 764
1.549367378 764
1.550680346 764
1.551852571 764
1.553341868 764
1.554338953 764
1.555844864 764
1.556836066 764
1.557831712 764
1.559364272 764
1.560293579 764
1.561829025 764
1.562843921 764
1.564325130 764
1.565135399 764
1.566324021 764
1.567817474 764
1.568810435 764
1.570307941 764
1.571250090 764
1.572808933 764
1.573803777 764
1.574802977 764
1.576301224 764
1.577294111 764
1.578815928 764
1.579794785 764
1.580787870 764
1.582290578 764
1.583283588 764
1.584793835 764
1.585816569 764
1.587197027 764
1.588272412 764
1.589790750 764
1.590789979 764
1.591765750 764
1.593287349 764
1.594259261 764
1.595766163 764
1.596806744 764
1.597758289 764
1.599267052 764
1.600246343 764
1.601757680 764
1.603148744 764
1.604243891 764
1.605757241 764
1.606554249 764
1.607739844 764
1.608729685 764
1.610243541 764
1.611224093 764
1.612726073 764
1.613716795 764
1.615230451 764
1.616225739 764
1.617213672 764
1.618735669 764
1.619639747 764
1.620697018 764
1.622207095 764
1.623714447 764
1.624700591 764
1.625702216 764
1.627242298 764
1.628234496 764
1.629690349 764
1.630696818 764
1.631696391 764
1.633183090 764
1.634207227 764
1.635684069 764
1.636678278 764
1.638169785 764
1.639177775 764
1.640060679 764
1.641672734 764
1.642679934 764
1.644162178 764
1.645163011 764
1.646678196 764
1.647653264 764
1.649201262 764
1.650164722 764
1.651147963 764
1.652651792 764
1.653645175 764
1.655150208 764
1.656130642 764
1.657645711 764
1.658676075 764
1.659661828 764
1.661132499 764
1.662122163 764
1.663642807 764
1.664635873 764
1.665610058 764
1.667118996 764
1.667963401 764
1.669613420 764
1.670647223 764
1.672110542 764
1.673039800 764
1.674634365 764
1.675597278 764
1.676595486 764
1.678100958 764
1.679098433 764
1.680652058 764
1.681584442 764
1.682601097 764
1.684115179 764
1.685100121 764
1.686598279 764
1.687572664 764
1.688973243 764
1.690118115 764
1.691117332 764
1.692568145 764
1.693569174 764
1.695061462 764
1.696055173 764
1.697553509 764
1.698574126 764
1.699541478 764
1.701048678 764
1.702041919 764
1.703371852 764
1.704544673 764
1.706036074 764
1.707031851 764
1.707903674 764
1.709552796 764
1.710553048 764
1.712023387 764
1.712860922 764
1.714536800 764
1.715515261 764
1.716308686 764
1.718019812 764
1.719037752 764
1.720505979 764
1.721541917 764
1.723004189 764
1.724002573 764
1.724990849 764
1.726386060 764
1.727499373 764
1.729009016 764
1.729986197 764
1.730975000 764
1.732539117 764
1.733478023 764
1.734894030 764
1.735976578 764
1.737471713 764
1.738483101 764
1.739467455 764
1.740960788 764
1.741998119 764
1.743467341 764
1.744461032 764
1.745950335 764
1.746768049 764
1.748457881 764
1.749451136 764
1.750465505 764
1.751710431 764
1.752994259 764
1.754453720 764
1.755474742 764
1.756441405 764
1.757940859 764
1.758946391 764
1.760431866 764
1.761430646 764
1.762954541 764
1.763919567 764
1.765422096 764
1.766429113 764
1.767419626 764
1.768922525 764
1.769905118 764
1.771403012 764
1.772397521 764
1.773940700 764
1.774890160 764
1.775704340 764
1.777401758 764
1.778402591 764
1.779885861 764
1.780739857 764
1.782212963 764
1.783411220 764
1.784446342 764
1.785831523 764
1.786876488 764
1.788371433 764
1.789366511 764
1.790871783 764
1.791370163 764
1.792856903 764
1.794387468 764
1.795350503 764
1.796355460 764
1.797845021 764
1.799356304 764
1.800351154 764
1.801345079 764
1.803276814 764
1.804373810 764
1.805387228 764
1.806390790 764
1.807338524 764
1.808833580 764
1.809819310 764
1.811325139 764
1.812315160 764
1.813820173 764
1.814858100 764
1.815872002 764
1.817326434 764
1.818303837 764
1.819809767 764
1.820723476 764
1.822092962 764
1.823302331 764
1.824298927 764
1.825578676 764
1.826788800 764
1.828290283 764
1.829281938 764
1.830181570 764
1.831784178 764
1.832775120 764
1.834300884 764
1.835285978 764
1.836815638 764
1.837764213 764
1.838764929 764
1.840273344 764
1.841265879 764
1.842782014 764
1.843756198 764
1.845261819 764
1.846294706 764
1.847761249 764
1.848767093 764
1.849648756 764
1.851248938 764
1.852240935 764
1.853742023 764
1.854755524 764
1.855727061 764
1.857234764 764
1.858223879 764
1.859729849 764
1.860720066 764
1.862236710 764
1.863215878 764
1.864734787 764
1.865717990 764
1.866730213 764
1.868267785 764
1.869214694 764
1.870611978 764
1.871700868 764
1.873207003 764
1.874205001 764
1.875192061 764
1.876696224 764
1.877696609 764
1.879187236 764
1.880185369 764
1.881692739 764
1.882698155 764
1.883670438 764
1.885202715 764
1.886186432 764
1.887711983 764
1.888664943 764
1.890094979 764
1.891155920 764
1.892149004 764
1.893659556 764
1.894457221 764
1.896148687 764
1.897144937 764
1.898676307 764
1.899693951 764
1.900639345 764
1.902144703 764
1.903133107 764
1.904630666 764
1.905627053 764
1.907133243 764
1.908127092 764
1.909142166 764
1.910642712 764
1.911434384 764
1.912616212 764
1.914124310 764
1.915114501 764
1.916615941 764
1.917616396 764
1.919119953 764
1.920099916 764
1.921602624 764
1.922611887 764
1.924100543 764
1.925088605 764
1.926089673 764
1.927591772 764
1.928586478 764
1.930085637 764
1.931134019 764
1.932077259 764
1.933583650 764
1.934611590 764
1.936074150 764
1.937069725 764
1.938602196 764
1.939631177 764
1.940563062 764
1.942058910 764
1.943067849 764
1.944419932 764
1.945551013 764
1.947048453 764
1.948036403 764
1.949042523 764
1.950558447 764
1.951536289 764
1.953047096 764
1.954041611 764
1.955534412 764
1.956537399 764
1.957366782 764
1.958806840 764
1.960065219 764
1.961524723 764
1.962477601 764
1.964026115 764
1.965015521 764
1.966010783 764
1.967510905 764
1.968521915 764
1.970006375 764
1.971037265 764
1.972548581 764
1.973498167 764
1.974509553 764
1.975993045 764
1.976803749 764
1.978508796 764
1.979478964 764
1.980986173 764
1.981986600 764
1.983026134 764
1.984485550 764
1.985468350 764
1.986967470 764
1.987970484 764
1.989468423 764
1.990417750 764
1.991485466 764
1.992949972 764
1.993952356 764
1.995245673 764
1.996452810 764
1.997950209 764
1.998879704 764
1.999944533 764
2.002848989 764
2.004939135 764
2.007431787 764
2.009428736 764
2.012461498 764
2.014922582 764
2.016906814 764
2.019397951 764
2.021906829 764
2.024395487 764
2.026883918 764
2.029381304 764
2.031385387 764
2.033893059 764
2.036380562 764
2.038867130 764
2.041375227 764
2.043900793 764
2.046373586 764
2.048849858 764
2.050857420 764
2.053335295 764
2.055830989 764
2.058345002 764
2.060727744 764
2.063312211 764
2.065863098 764
2.067799843 764
2.070305274 764
2.074293210 764
2.075325530 764
2.077838616 764
2.080275330 764
2.082810995 764
2.084769408 764
2.087265056 764
2.089774953 764
2.092269992 764
2.094698477 764
2.097302200 764
2.099238534 764
2.101735285 764
2.104232172 764
2.106785108 764
2.109248599 764
2.111721939 764
2.114220523 764
2.116210304 764
2.118711961 764
2.121198772 764
2.123701988 764
2.126184395 764
2.128620525 764
2.131186614 764
2.133052880 764
2.135670706 764
2.138176458 764
2.140663707 764
2.142671502 764
2.145651616 764
2.148183885 764
2.150141652 764
2.152500478 764
2.155135236 764
2.157626863 764
2.160147183 764
2.162643955 764
2.165116435 764
2.167112594 764
2.169651892 764
2.172093008 764
2.174610475 764
2.176578654 764
2.179625736 764
2.182084243 764
2.184087329 764
2.186597408 764
2.189057070 764
2.191449843 764
2.194048668 764
2.196551419 764
2.199051974 764
2.201084817 764
2.204038475 764
2.206041519 764
2.208514711 764
2.211049295 764
2.213516137 764
2.215501965 764
2.217997671 764
2.220500243 764
2.222999447 764
2.225490003 764
2.227995530 764
2.230497006 764
2.233514390 764
2.234990000 764
2.237467888 764
2.239963237 764
2.242528013 764
2.244950629 764
2.247464457 764
2.249436482 764
2.251976526 764
2.254454970 764
2.256924975 764
2.259433145 764
2.261918826 764
2.264413084 764
2.266431258 764
2.268901615 764
2.271397672 764
2.273939272 764
2.276390156 764
2.278880635 764
2.281384876 764
2.283396907 764
2.285861798 764
2.288354526 764
2.290859136 764
2.293356171 764
2.295860611 764
2.298350090 764
2.300088452 764
2.302856091 764
2.305416663 764
2.307823339 764
2.310322996 764
2.312812867 764
2.315312091 764
2.317300259 764
2.319798615 764
2.322293895 764
2.324844410 764
2.327295398 764
2.329802480 764
2.331768997 764
2.334296045 764
2.336814565 764
2.339259036 764
2.341758115 764
2.344260187 764
2.346768907 764
2.349252656 764
2.351238638 764
2.353719005 764
2.356258323 764
2.358732704 764
2.361222002 764
2.363728353 764
2.365705955 764
2.368221158 764
2.370717570 764
2.373195546 764
2.375681814 764
2.378237937 764
2.380676748 764
2.382683786 764
2.385189687 764
2.387701531 764
2.390158020 764
2.392605750 764
2.395147730 764
2.397646172 764
2.399630951 764
2.402127807 764
2.404622555 764
2.407120861 764
2.409619148 764
2.412114915 764
2.414632680 764
2.416611527 764
2.419135481 764
2.421587844 764
2.424087034 764
2.426597503 764
2.429075483 764
2.431569088 764
2.433570264 764
2.436072405 764
2.438575837 764
2.441069823 764
2.443548587 764
2.446040268 764
2.448542850 764
2.450553766 764
2.453025162 764
2.455525108 764
2.458019350 764
2.460065454 764
2.463013460 764
2.464993198 764
2.467512794 764
2.470007166 764
2.472491502 764
2.474995828 764
2.477475800 764
2.479979234 764
2.482015131 764
2.484486356 764
2.486956363 764
2.489456751 764
2.491877158 764
2.494468767 764
2.496949336 764
2.498932352 764
2.501428986 764
2.503924179 764
2.506436674 764
2.508940117 764
2.511413786 764
2.513910242 764
2.515897415 764
2.518418413 764
2.520886396 764
2.523408494 764
2.525883440 764
2.528379650 764
2.530881605 764
2.532870339 764
2.535357486 764
2.537862278 764
2.540195113 764
2.542690512 764
2.545350896 764
2.547867745 764
2.549860447 764
2.552329227 764
2.554837483 764
2.557320343 764
2.559828047 764
2.562306367 764
2.564302663 764
2.566833847 764
2.569287226 764
2.571786339 764
2.574279009 764
2.576780261 764
2.579275581 764
2.581768988 764
2.583768304 764
2.586252720 764
2.588930199 764
2.591246894 764
2.593736693 764
2.596238118 764
2.598764738 764
2.600728352 764
2.604721266 764
2.605703430 764
2.608211379 764
2.610727846 764
2.613207651 764
2.615714080 764
2.617699926 764
2.620200073 764
2.622716470 764
2.625209047 764
2.627678345 764
2.629674305 764
2.632676496 764
2.634670452 764
2.637157291 764
2.639662123 764
2.642146511 764
2.644671235 764
2.646950859 764
2.648990182 764
2.651460867 764
2.653888302 764
2.656637847 764
2.659131061 764
2.661614666 764
2.664111443 764
2.666095987 764
2.668517983 764
2.671086639 764
2.673591802 764
2.676078319 764
2.678676367 764
2.681076162 764
2.683066606 764
2.685558626 764
2.688054305 764
2.690567193 764
2.693055641 764
2.695540262 764
2.697533492 764
2.700031904 764
2.702534044 764
2.705067049 764
2.707514006 764
2.710077297 764
2.712505144 764
2.715000357 764
2.716989313 764
2.719484302 764
2.721985596 764
2.724486959 764
2.727034616 764
2.729328785 764
2.731467237 764
2.733941421 764
2.736454661 764
2.738951550 764
2.741445637 764
2.743936311 764
2.746472883 764
2.748944163 764
2.750929434 764
2.753416334 764
2.755926014 764
2.758427259 764
2.760902950 764
2.763180582 764
2.765399096 764
2.767895436 764
2.770427306 764
2.772902767 764
2.775383586 764
2.777874797 764
2.780383138 764
2.782547848 764
2.784863838 764
2.787343240 764
2.789845777 764
2.792341154 764
2.794853864 764
2.797334713 764
2.799323943 764
2.801824493 764
2.804334833 764
2.806842407 764
2.809336459 764
2.811811052 764
2.814045988 764
2.816287898 764
2.818804279 764
2.821281612 764
2.823842076 764
2.826285183 764
2.828772388 764
2.831271119 764
2.833257040 764
2.835777468 764
2.838251759 764
2.840750276 764
2.843245353 764
2.845738150 764
2.848237472 764
2.850226181 764
2.852721601 764
2.855226115 764
2.857712449 764
2.860238401 764
2.862719311 764
2.865278018 764
2.867189322 764
2.869690280 764
2.872180975 764
2.874581736 764
2.877175336 764
2.879666891 764
2.882168322 764
2.884180425 764
2.886662140 764
2.889145611 764
2.891549537 764
2.894137205 764
2.896148473 764
2.899128542 764
2.901119127 764
2.903616415 764
2.907615212 764
2.909616522 764
2.911107827 764
2.913601643 764
2.915622678 764
2.918082596 764
2.920585284 764
2.923082020 764
2.925586373 764
2.928070478 764
2.930599261 764
2.932556461 764
2.935106147 764
2.937546975 764
2.940042733 764
2.942553361 764
2.945049301 764
2.947526382 764
2.949593939 764
2.952019473 764
2.954536873 764
2.957006576 764
2.959527978 764
2.961995829 764
2.964504345 764
2.966523673 764
2.968993076 764
2.971476599 764
2.973978153 764
2.976474007 764
2.978964274 764
2.981459883 764
2.983450982 764
2.985947140 764
2.988464516 764
2.990943843 764
2.993445364 764
2.995930174 764
2.998458556 764
3.000417419 764
3.003433123 764
3.005407909 764
3.007914175 764
3.010418621 764
3.012897517 764
3.015408813 764
3.017398783 764
3.019886751 764
3.022403208 764
3.024650651 764
3.027370429 764
3.029366059 764
3.032360897 764
3.033159927 764
3.034371188 764
3.035850413 764
3.036846325 764
3.038350309 764
3.039350266 764
3.040339141 764
3.041645326 764
3.042853099 764
3.044339279 764
3.045349326 764
3.047023706 764
3.047823780 764
3.048822000 764
3.050134032 764
3.052823773 764
3.055316029 764
3.057302529 764
3.059802117 764
3.062305153 764
3.064798438 764
3.067289590 764
3.069781284 764
3.072293174 764
3.074274466 764
3.076773386 764
3.079256574 764
3.081766306 764
3.084278591 764
3.086776701 764
3.088742016 764
3.091237704 764
3.093735299 764
3.096229442 764
3.098746329 764
3.101218815 764
3.103718504 764
3.106294932 764
3.107205421 764
3.108198554 764
3.109707554 764
3.110726543 764
3.112191272 764
3.113190758 764
3.114708595 764
3.115685195 764
3.116768756 764
3.118188205 764
3.119178567 764
3.120686410 764
3.121678134 764
3.123178966 764
3.124171517 764
3.125173748 764
3.127662547 764
3.130154845 764
3.132653462 764
3.135182700 764
3.137731211 764
3.140147066 764
3.142129446 764
3.144643701 764
3.147123566 764
3.149626762 764
3.152111670 764
3.154650850 764
3.157109640 764
3.159126065 764
3.161594913 764
3.164096369 764
3.166600353 764
3.169149486 764
3.171581757 764
3.174071887 764
3.176064698 764
3.178567494 764
3.181053959 764
3.183556698 764
3.186049024 764
3.188038581 764
3.190548760 764
3.193054313 764
3.195519482 764
3.198020546 764
3.200614201 764
3.203506422 764
3.205503333 764
3.207496040 764
3.210006419 764
3.212489949 764
3.214990218 764
3.217480795 764
3.220008492 764
3.222492777 764
3.224464216 764
3.226972395 764
3.229461296 764
3.232022040 764
3.234950876 764
3.237935092 764
3.238933676 764
3.241433387 764
3.243926570 764
3.246442484 764
3.248917451 764
3.251418926 764
3.253911060 764
3.256413278 764
3.258416398 764
3.260891727 764
3.263461008 764
3.265870369 764
3.268378564 764
3.270857354 764
3.273367823 764
3.275364055 764
3.277854297 764
3.280351919 764
3.282741291 764
3.285349162 764
3.287335134 764
3.289672366 764
3.292340318 764
3.294845518 764
3.297311541 764
3.299821302 764
3.302316272 764
3.304892672 764
3.307314243 764
3.309329169 764
3.311791533 764
3.314172760 764
3.316785500 764
3.319273629 764
3.321772076 764
3.323768887 764
3.326260059 764
3.328757981 764
3.331259064 764
3.333751930 764
3.336314822 764
3.338763631 764
3.340748044 764
3.343229740 764
3.345722238 764
3.348223016 764
3.350729811 764
3.353217020 764
3.355710856 764
3.357699386 764
3.360211139 764
3.362708958 764
3.365187401 764
3.367678796 764
3.370191174 764
3.372676969 764
3.374684230 764
3.377158486 764
3.379650331 764
3.399125535 764
3.411971728 764
3.414893189 764
3.427138592 764
3.430728142 764
3.442775702 764
3.445283531 764
3.446117391 764
3.458331973 764
3.460574342 764
3.462688344 764
3.475252945 764
3.477335282 764
3.491393001 764
3.493007340 764
3.505075617 764
3.508810336 764
3.520667792 764
3.524231249 764
3.536337113 764
3.537037464 764
3.539520120 764
3.554932114 764
3.567408403 764
3.570324590 764
3.583029140 764
3.586458528 764
3.598539639 764
3.601534810 764
3.602176005 764
3.614701307 764
3.615560661 764
3.630549174 764
3.630993185 764
3.645332945 764
3.645914661 764
3.647702415 764
3.660898210 764
3.664260533 764
3.665305230 764
3.679669152 764
3.680193412 764
3.692122413 764
3.707601301 764
3.710472018 764
3.723218782 764
3.726160337 764
3.738815373 764
3.741190054 764
3.754400025 764
3.755230434 764
3.756065866 764
3.772486059 764
3.785583197 764
3.788621939 764
3.801122414 764
3.804421601 764
3.816742385 764
3.820205839 764
3.832329515 764
3.835908018 764
3.847828665 764
3.850745230 764
3.863516746 764
3.867017601 764
3.879033420 764
3.882717006 764
3.894566029 764
3.896590880 764
3.898256654 764
3.913279113 764
3.925831540 764
3.928651797 764
3.929689778 764
3.941419793 764
3.945422885 764
3.960725457 764
3.974661579 764
3.977754167 764
3.988132016 764
3.988179346 764
3.991782957 764
4.003755762 764
4.006718677 764
4.019362059 764
4.022814280 764
4.034838951 764
4.037747859 764
4.050433563 764
4.053346109 764
4.066056207 764
4.069138421 764
4.081560706 764
4.084494558 764
4.097198680 764
4.100155718 764
4.100933380 764
4.112775011 764
4.116165349 764
4.129539165 764
4.129941467 764
4.144464582 764
4.144859679 764
4.162057610 764
4.175123652 764
4.178130209 764
4.190701703 764
4.193682510 764
4.206199602 764
4.209264310 764
4.221851541 764
4.224762928 764
4.237519516 764
4.239758438 764
4.240695150 764
4.253032027 764
4.256485875 764
4.268654560 764
4.269274259 764
4.270839940 764
4.287165139 764
4.299762015 764
4.300265909 764
4.303308877 764
4.315794330 764
4.318795037 764
4.334238850 764
4.346582402 764
4.349819578 764
4.362169233 764
4.365675774 764
4.377693041 764
4.381056398 764
4.393280142 764
4.396291271 764
4.409365586 764
4.411087051 764
4.412604371 764
4.424417793 764
4.426048920 764
4.427946567 764
4.441575948 764
4.442688105 764
4.444116348 764
4.459266491 764
4.473626302 764
4.477020352 764
4.486801259 764
4.489758746 764
4.502390562 764
4.505811401 764
4.517977742 764
4.521445647 764
4.533539441 764
4.534023864 764
4.536926558 764
4.551365635 764
4.552670779 764
4.564720089 764
4.566313008 764
4.566722831 764
4.583402007 764
4.595889536 764
4.598896911 764
4.612072751 764
4.614786280 764
4.627989583 764
4.630699889 764
4.642674063 764
4.643632253 764
4.644161277 764
4.646038766 764
4.660377679 764
4.660741602 764
4.661310431 764
4.689380682 764
4.692609542 764
4.704888812 764
4.708337750 764
4.720514410 764
4.723245591 764
4.723980250 764
4.736124552 764
4.739726676 764
4.754107412 764
4.755557935 764
4.767357785 764
4.782833208 764
4.786704494 764
4.798385651 764
4.801500848 764
4.814084209 764
4.817656105 764
4.829555704 764
4.833100183 764
4.845223672 764
4.848636427 764
4.860765520 764
4.863759896 764
4.876363142 764
4.879098610 764
4.879418734 764
4.891874767 764
4.893294865 764
4.895733614 764
4.911203367 764
4.923129796 764
4.926453385 764
4.938660819 764
4.941628850 764
4.954245082 764
4.957230473 764
4.957729191 764
4.969846005 764
4.985461899 764
4.991056243 764
4.994526303 764
5.001008393 764
5.001039161 764
5.004043650 764
5.016711874 764
5.019793666 764
5.032153459 764
5.035029296 764
5.047702521 764
5.050080738 764
5.063958461 764
5.065996657 764
5.066754957 764
5.078885350 764
5.081613621 764
5.095447861 764
5.096029590 764
5.110898330 764
5.113435507 764
5.128522067 764
5.141249599 764
5.143764153 764
5.156817277 764
5.159676228 764
5.172409094 764
5.174797125 764
5.187996523 764
5.190415538 764
5.203554076 764
5.206641567 764
5.207215141 764
5.219566322 764
5.234721665 764
5.236368462 764
5.237617126 764
5.253122119 764
5.265985401 764
5.268428000 764
5.281459793 764
5.284345217 764
5.297061478 764
5.299791090 764
5.312676870 764
5.315234127 764
5.328241020 764
5.331138841 764
5.343804370 764
5.346574768 764
5.347556542 764
5.359462865 764
5.362752447 764
5.376601171 764
5.378495442 764
5.394255207 764
5.406134222 764
5.406519404 764
5.406849270 764
5.421760098 764
5.437359487 764
5.440714877 764
5.441018484 764
5.452863346 764
5.456223972 764
5.468493748 764
5.470991213 764
5.472979755 764
5.485889226 764
5.487544408 764
5.505350707 764
5.515406580 764
5.515450626 764
5.515823795 764
5.518687509 764
5.531621887 764
5.534797645 764
5.549714594 764
5.562019157 764
5.565302122 764
5.577537874 764
5.580600761 764
5.593156143 764
5.596186763 764
5.608689808 764
5.611765851 764
5.625394133 764
5.625799505 764
5.627898540 764
5.629659991 764
5.642841113 764
5.643429079 764
5.655495570 764
5.657706739 764
5.671967954 764
5.673407578 764
5.686685924 764
5.689252511 764
5.702181362 764
5.705392369 764
5.717804696 764
5.720716549 764
5.721147733 764
5.733314637 764
5.749024120 764
5.750481912 764
5.752037625 764
5.767953936 764
5.780067514 764
5.782738750 764
5.783628567 764
5.795708966 764
5.799319052 764
5.814586805 764
5.827271996 764
5.830262752 764
5.842439057 764
5.845926183 764
5.858018125 764
5.860962666 764
5.873639673 764
5.876796264 764
5.889168980 764
5.892506982 764
5.904744013 764
5.907749949 764
5.920340354 764
5.923903903 764
5.935976917 764
5.938981539 764
5.939379368 764
5.951496516 764
5.954888986 764
5.967160361 764
5.971005511 764
5.982719867 764
5.998328870 764
6.001902258 764
6.015883258 764
6.018921230 764
6.029416781 764
6.029452464 764
6.032791806 764
6.045063453 764
6.048038531 764
6.060603490 764
6.063070240 764
6.063949341 764
6.076196786 764
6.080516456 764
6.091808794 764
6.095605150 764
6.110367962 764
6.122978996 764
6.126070816 764
6.138532403 764
6.140921968 764
6.154040032 764
6.156506264 764
6.169717586 764
6.172643198 764
6.185222634 764
6.186340833 764
6.188548112 764
6.200919556 764
6.203805715 764
6.219380635 764
6.232678433 764
6.236700694 764
6.247591492 764
6.250492807 764
6.263263936 764
6.266164551 764
6.278774406 764
6.282178919 764
6.294360985 764
6.297678499 764
6.309999774 764
6.312025517 764
6.313485974 764
6.325532072 764
6.326393423 764
6.327211233 764
6.344566009 764
6.356722726 764
6.360090613 764
6.360510283 764
6.372314389 764
6.387824777 764
6.390872928 764
6.403426113 764
6.406704598 764
6.407000940 764
6.419049457 764
6.435042311 764
6.437053298 764
6.437435629 764
6.438927120 764
6.451080740 764
6.453820291 764
6.469625663 764
6.481334774 764
6.484513299 764
6.485043668 764
6.496915856 764
6.512654484 764
6.517663857 764
6.518158911 764
6.521212924 764
6.521250979 764
6.528932059 764
6.531753296 764
6.546876082 764
6.559357230 764
6.561960875 764
6.574846558 764
6.577654678 764
6.590405892 764
6.592820896 764
6.606009092 764
6.608861061 764
6.621726959 764
6.622471447 764
6.622820705 764
6.640064108 764
6.652816295 764
6.656049051 764
6.668396122 764
6.669053023 764
6.672403132 764
6.687021064 764
6.699483195 764
6.702556881 764
6.715064724 764
6.717556662 764
6.718422900 764
6.730635121 764
6.734168065 764
6.746809091 764
6.747987530 764
6.750883710 764
6.765473021 764
6.777369243 764
6.777678626 764
6.778508715 764
6.796086026 764
6.808584348 764
6.811759720 764
6.824188671 764
6.827638987 764
6.840164718 764
6.843181843 764
6.843767244 764
6.855366158 764
6.859166813 764
6.870977290 764
6.874752037 764
6.886519465 764
6.889533347 764
6.902051891 764
6.905484038 764
6.917631920 764
6.921041601 764
6.933228655 764
6.936446096 764
6.948773787 764
6.951813986 764
6.964443347 764
6.967387932 764
6.979967764 764
6.983336107 764
6.995597794 764
6.998760846 764
6.999209148 764
7.011146006 764
7.029056569 764
7.031683867 764
7.042338115 764
7.043000878 764
7.045140442 764
7.058654881 764
7.059330057 764
7.074384818 764
7.077369242 764
7.089108461 764
7.089501919 764
7.092203995 764
7.105396728 764
7.107557644 764
7.122809190 764
7.127880388 764
7.131216546 764
7.135710341 764
7.138169486 764
7.151423568 764
7.152149534 764
7.153734938 764
7.166967056 764
7.182558450 764
7.183447803 764
7.185156177 764
7.200520701 764
7.213759554 764
7.216398268 764
7.229257940 764
7.231689157 764
7.245299453 764
7.248010597 764
7.248583959 764
7.260480629 764
7.276063704 764
7.279296398 764
7.291696560 764
7.294540763 764
7.307199873 764
7.307651324 764
7.310637768 764
7.325838442 764
7.338430270 764
7.341509097 764
7.353942680 764
7.356857719 764
7.369565181 764
7.372946689 764
7.385139911 764
7.388062407 764
7.400708107 764
7.402442805 764
7.402749699 764
7.416342480 764
7.420280061 764
7.431964994 764
7.433233966 764
7.435516742 764
7.448548798 764
7.448870001 764
7.451906817 764
7.463715746 764
7.466610169 764
7.479165332 764
7.482016565 764
7.497678962 764
7.509820936 764
7.513273152 764
7.525468983 764
7.526210049 764
7.526620970 764
7.546401919 764
7.556568301 764
7.556621280 764
7.560220836 764
7.572146580 764
7.575125706 764
7.587694985 764
7.590909345 764
7.603304770 764
7.606827867 764
7.619206353 764
7.619641168 764
7.620035596 764
7.637120867 764
7.650041264 764
7.652635227 764
7.654085027 764
7.665658916 764
7.666436821 764
7.668005122 764
7.681173492 764
7.684551925 764
7.698678696 764
7.700137587 764
7.712416357 764
7.728075377 764
7.730648226 764
7.743781416 764
7.744774100 764
7.745569792 764
7.747818698 764
7.762640722 764
7.774647907 764
7.777567301 764
7.790297370 764
7.792369766 764
7.793909345 764
7.809469696 764
7.821476022 764
7.825043795 764
7.837113438 764
7.840034718 764
7.852997899 764
7.856397690 764
7.868243798 764
7.871523993 764
7.871851926 764
7.883753248 764
7.887981325 764
7.899296308 764
7.899879900 764
7.902913073 764
7.918741841 764
7.930534212 764
7.933951672 764
7.946158959 764
7.949105346 764
7.961676539 764
7.964714645 764
7.977243444 764
7.979653288 764
7.980654380 764
7.993053683 764
7.996750744 764
8.012140945 764
8.012732284 764
8.024008332 764
8.039592610 764
8.044543053 764
8.044989022 764
8.045444090 764
8.045462111 764
8.058420844 764
8.070826315 764
8.073743379 764
8.086409741 764
8.089291777 764
8.101910135 764
8.104169913 764
8.104619550 764
8.117564571 764
8.120127316 764
8.133491634 764
8.136242835 764
8.149248738 764
8.151576493 764
8.165353881 764
8.167556083 764
8.182831032 764
8.195432169 764
8.198310753 764
8.210978022 764
8.213944335 764
8.226604566 764
8.228832741 764
8.230095849 764
8.242382858 764
8.243216364 764
8.261862013 764
8.273406661 764
8.277261178 764
8.289022828 764
8.289415722 764
8.290841449 764
8.291159579 764
8.307700493 764
8.320085032 764
8.323170636 764
8.335693313 764
8.339191666 764
8.351276434 764
8.354749826 764
8.366857657 764
8.369862404 764
8.382487030 764
8.386039491 764
8.398095837 764
8.401780905 764
8.413569144 764
8.416535040 764
8.429274104 764
8.432285109 764
8.444795022 764
8.445417923 764
8.448571087 764
8.463023516 764
8.464361887 764
8.475919049 764
8.479592058 764
8.492611347 764
8.495010412 764
8.510745984 764
8.522752283 764
8.523376662 764
8.523692939 764
8.541393655 764
8.553848692 764
8.558685035 764
8.560022787 764
8.560353879 764
8.560371186 764
8.572277898 764
8.585061065 764
8.587565149 764
8.600668544 764
8.603567997 764
8.616265463 764
8.616658417 764
8.617293160 764
8.631781411 764
8.635459652 764
8.647325620 764
8.650987869 764
8.663523218 764
8.664779973 764
8.667506477 764
8.681944760 764
8.694131555 764
8.694476288 764
8.694829497 764
8.711093659 764
8.713629929 764
8.725199726 764
8.728455101 764
8.741034105 764
8.743002539 764
8.744265830 764
8.745424046 764
8.771962255 764
8.772329145 764
8.775301864 764
8.787544571 764
8.803142363 764
8.806023828 764
8.818798397 764
8.822030636 764
8.822402938 764
8.834366789 764
8.838340365 764
8.849889187 764
8.853263778 764
8.866077517 764
8.869042849 764
8.881051360 764
8.884705248 764
8.896660170 764
8.899683939 764
8.912185840 764
8.915331416 764
8.927837683 764
8.930763087 764
8.943356426 764
8.947089274 764
8.958950284 764
8.961630720 764
8.974535735 764
8.976934302 764
8.990272229 764
8.993121948 764
9.005699668 764
9.008158729 764
9.021322488 764
9.022945634 764
9.024177153 764
9.037309251 764
9.039846508 764
9.055687768 764
9.070332241 764
9.073209513 764
9.084424093 764
9.087610533 764
9.088133533 764
9.099287511 764
9.114774094 764
9.118248094 764
9.130351354 764
9.133545701 764
9.145997003 764
9.149280283 764
9.161575893 764
9.164557091 764
9.177137411 764
9.180271530 764
9.192674956 764
9.196240336 764
9.208253955 764
9.211243811 764
9.223874153 764
9.226560320 764
9.227316239 764
9.239656925 764
9.243476343 764
9.255107225 764
9.256656836 764
9.258476181 764
9.272243265 764
9.272579179 764
9.287907060 764
9.288228020 764
9.301904737 764
9.302884607 764
9.303272337 764
9.318425210 764
9.320678220 764
9.334676359 764
9.336480330 764
9.348548471 764
9.349675421 764
9.350032301 764
9.364582887 764
9.367770378 764
9.383363305 764
9.395876490 764
9.399218596 764
9.410904908 764
9.414180644 764
9.426442280 764
9.427569534 764
9.429305244 764
9.442051963 764
9.457609299 764
9.460625080 764
9.473639185 764
9.476432800 764
9.488837124 764
9.491330471 764
9.504405555 764
9.507353857 764
9.520072728 764
9.520818329 764
9.521148403 764
9.524198782 764
9.537487213 764
9.538860341 764
9.551110951 764
9.554832503 764
9.566747251 764
9.567277751 764
9.569633187 764
9.574323919 764
9.575131232 764
9.582320908 764
9.586046506 764
9.601223396 764
9.614719962 764
9.618117284 764
9.629071929 764
9.629756610 764
9.632709445 764
9.648034981 764
9.660231867 764
9.663700761 764
9.676149068 764
9.679072867 764
9.691432124 764
9.694781799 764
9.706952360 764
9.710240242 764
9.710645576 764
9.722491617 764
9.724982463 764
9.725689701 764
9.741242320 764
9.741599608 764
9.757532421 764
9.769261252 764
9.771567142 764
9.772658647 764
9.784808063 764
9.787215690 764
9.800489218 764
9.804592810 764
9.819304375 764
9.831615717 764
9.834883743 764
9.847226121 764
9.850051966 764
9.862792123 764
9.865379197 764
9.878317424 764
9.881235994 764
9.893911904 764
9.896358011 764
9.909629740 764
9.911271959 764
9.913060234 764
9.913367376 764
9.925347919 764
9.927686407 764
9.943159072 764
9.956256507 764
9.959310728 764
9.971851950 764
9.972744810 764
9.975561833 764
9.990904216 764
10.002969697 764
10.006337109 764
10.018629659 764
10.021112191 764
10.021706939 764
10.034155686 764
10.036758406 764
10.049797176 764
10.053397840 764
10.065363729 764
10.068814308 764
10.083160862 764
10.086404508 764
10.096479918 764
10.099839305 764
10.112181421 764
10.115271133 764
10.127690191 764
10.131024299 764
10.143269213 764
10.146339734 764
10.158792511 764
10.161770896 764
10.174431476 764
10.177272224 764
10.178315185 764
10.190045371 764
10.193694802 764
10.208983041 764
10.221201898 764
10.224876384 764
10.236792368 764
10.239838397 764
10.252285622 764
10.255220648 764
10.267926352 764
10.270916876 764
10.284129143 764
10.286470800 764
10.287384669 764
10.299113555 764
10.301918838 764
10.314720811 764
10.315422266 764
10.332402900 764
10.333246830 764
10.345894146 764
10.361405198 764
10.362080556 764
10.364126400 764
10.379821881 764
10.392629990 764
10.395027598 764
10.396160052 764
10.397922025 764
10.399794526 764
10.405408983 764
10.406728200 764
10.407134871 764
10.413210252 764
10.414233441 764
10.414557443 764
10.421792061 764
10.425579737 764
10.429147287 764
10.432908072 764
10.440199334 764
10.443309354 764
10.443806998 764
10.447625313 764
10.454864023 764
10.458582436 764
10.462229117 764
10.463854339 764
10.465471863 764
10.465818052 764
10.470333079 764
10.473175513 764
10.480154205 764
10.480499922 764
10.484680451 764
10.488109506 764
10.491605669 764
10.495189148 764
10.498852976 764
10.502308832 764
10.506182184 764
10.507853715 764
10.509420456 764
10.513599392 764
10.516761250 764
10.517127109 764
10.524482315 764
10.528208674 764
10.531815006 764
10.535632766 764
10.539151209 764
10.542855257 764
10.546508702 764
10.550200836 764
10.553802756 764
10.557644031 764
10.560773589 764
10.561160001 764
10.565202342 764
10.567992505 764
10.572209610 764
10.575821375 764
10.579611061 764
10.582282090 764
10.586887660 764
10.589813873 764
10.594219323 764
10.597028929 764
10.597845450 764
10.602101193 764
10.602737967 764
10.605506805 764
10.612202980 764
10.612496002 764
10.616192075 764
10.619858969 764
10.623163714 764
10.623476344 764
10.627274999 764
10.631520588 764
10.634693505 764
10.636807874 764
10.641852983 764
10.645283242 764
10.651656204 764
10.652381344 764
10.654547604 764
10.655894449 764
10.660267186 764
10.663669035 764
10.670764077 764
10.671157081 764
10.674909737 764
10.682276554 764
10.683433023 764
10.685867094 764
10.686626716 764
10.687010945 764
10.693171621 764
10.697718448 764
10.700133433 764
10.704204980 764
10.707312446 764
10.707833487 764
10.714633133 764
10.715143411 764
10.715157947 764
10.718973871 764
10.719005660 764
10.722612593 764
10.722649556 764
10.726218024 764
10.727117703 764
10.727132513 764
10.729842507 764
10.729851052 764
10.736805371 764
10.736834671 764
10.737165704 764
10.737174412 764
10.740898550 764
10.748236129 764
10.751511835 764
10.751810286 764
10.755678244 764
10.762930526 764
10.766262346 764
10.770205704 764
10.773724266 764
10.774012453 764
10.780257201 764
10.781172814 764
10.784984089 764
10.787767745 764
10.792216398 764
10.795337137 764
10.795822050 764
10.802809801 764
10.803173813 764
10.806892770 764
10.810525611 764
10.814210208 764
10.817829208 764
10.820948038 764
10.825222233 764
10.828823511 764
10.832647727 764
10.839907611 764
10.843253509 764
10.843273436 764
10.847219857 764
10.847242951 764
10.850264047 764
10.850274186 764
10.850820221 764
10.850826154 764
10.854663469 764
10.854693684 764
10.858497675 764
10.858505552 764
10.861936598 764
10.861955898 764
10.869251357 764
10.872866901 764
10.876663486 764
10.880076022 764
10.884516506 764
10.887645612 764
10.888206488 764
10.891291835 764
10.893479104 764
10.898691833 764
10.899072036 764
10.902198935 764
10.906841136 764
10.907214193 764
10.913226682 764
10.916856324 764
10.917323645 764
10.920637716 764
10.924200266 764
10.928806046 764
10.931585280 764
10.936871584 764
10.938669908 764
10.942611337 764
10.944818466 764
10.945774986 764
10.949872270 764
10.953490360 764
10.953965363 764
10.960476249 764
10.960863022 764
10.964602279 764
10.968162064 764
10.971909941 764
10.975514840 764
10.982215474 764
10.982873225 764
10.986659139 764
10.990237779 764
10.992226684 764
10.993447639 764
10.997639622 764
11.000989095 764
11.005703541 764
11.008026402 764
11.012253834 764
11.013551356 764
11.015832157 764
11.021271564 764
11.022436373 764
11.026915617 764
11.030279968 764
11.034251492 764
11.036228331 764
11.037731181 764
11.043138797 764
11.045189385 764
11.048936383 764
11.049860482 764
11.050267192 764
11.056226936 764
11.057971521 764
11.059919811 764
11.064437629 764
11.067041083 764
11.071447691 764
11.071745532 764
11.078232785 764
11.080222773 764
11.080500848 764
11.085608956 764
11.089180957 764
11.090265884 764
11.092909895 764
11.094458289 764
11.096616370 764
11.101753100 764
11.102104370 764
11.107628331 764
11.110830248 764
11.111179824 764
11.117587736 764
11.118371215 764
11.118858708 764
11.124785472 764
11.129466859 764
11.134598934 764
11.134895284 764
11.135233597 764
11.140652957 764
11.144225597 764
11.151409560 764
11.155270404 764
11.158928712 764
11.162719996 764
11.166219167 764
11.169892297 764
11.172383005 764
11.173376423 764
11.177258063 764
11.181208764 764
11.185924794 764
11.188106796 764
11.188642361 764
11.191925271 764
11.194618449 764
11.199232768 764
11.201225089 764
11.206649297 764
11.208472919 764
11.209949687 764
11.215748814 764
11.216950885 764
11.222606249 764
11.227183998 764
11.227207051 764
11.230730943 764
11.231094139 764
11.232208388 764
11.239690791 764
11.243539036 764
11.246933991 764
11.254251168 764
11.257668930 764
11.261670322 764
11.262021713 764
11.265182693 764
11.269997282 764
11.272628618 764
11.276253304 764
11.279099227 764
11.279861357 764
11.287257549 764
11.288224478 764
11.290923985 764
11.293068309 764
11.298264154 764
11.301745488 764
11.305707692 764
11.308064462 764
11.309209763 764
11.312922854 764
11.314030424 764
11.314647854 764
11.320287529 764
11.323723167 764
11.327690723 764
11.334967555 764
11.338012907 764
11.338551104 764
11.342246676 764
11.345896333 764
11.349678939 764
11.353192146 764
11.356950207 764
11.364269244 764
11.365357946 764
11.367617645 764
11.371723421 764
11.378947973 764
11.382630067 764
11.386304764 764
11.388067982 764
11.389886419 764
11.393674396 764
11.397191715 764
11.400968384 764
11.404529757 764
11.408265418 764
11.411631945 764
11.415668607 764
11.419225416 764
11.422961177 764
11.425881384 764
11.430282809 764
11.433901099 764
11.436302780 764
11.437553077 764
11.438924174 764
11.441214270 764
11.444934317 764
11.448206999 764
11.452264041 764
11.455810930 764
11.460673846 764
11.463047152 764
11.468648457 764
11.470194389 764
11.470557261 764
11.476849596 764
11.477813382 764
11.481669776 764
11.485255984 764
11.485946473 764
11.490560329 764
11.492660510 764
11.496973658 764
11.499649075 764
11.505783821 764
11.506140996 764
11.507749949 764
11.514579930 764
11.518256185 764
11.521884730 764
11.525689296 764
11.532956824 764
11.533601286 764
11.536349777 764
11.541611980 764
11.543913614 764
11.547708474 764
11.549154637 764
11.549916290 764
11.555026624 764
11.559027801 764
11.562320509 764
11.563606360 764
11.564024895 764
11.569683384 764
11.570957446 764
11.576958448 764
11.580610847 764
11.584311745 764
11.586462873 764
11.587888542 764
11.594152045 764
11.595249386 764
11.598984564 764
11.599533254 764
11.600120230 764
11.602680157 764
11.608985436 764
11.609915389 764
11.613507759 764
11.620224424 764
11.620881343 764
11.624736457 764
11.628226296 764
11.631973001 764
11.633458376 764
11.640791962 764
11.642187677 764
11.642917598 764
11.647484198 764
11.649905353 764
11.656230900 764
11.656554047 764
11.658087610 764
11.664782179 764
11.668715610 764
11.670355893 764
11.670716222 764
11.675944265 764
11.677441453 764
11.677754842 764
11.683691552 764
11.686951396 764
11.687276686 764
11.690707679 764
11.692303205 764
11.697927404 764
11.701280297 764
11.701591788 764
11.706809848 764
11.708612343 764
11.712766742 764
11.714630600 764
11.715984889 764
11.722220359 764
11.723280648 764
11.727288729 764
11.730909062 764
11.734742716 764
11.741977035 764
11.745001823 764
11.745571485 764
11.749301008 764
11.752919674 764
11.756678923 764
11.763944747 764
11.767360850 764
11.771288948 764
11.774185715 764
11.774928015 764
11.778730157 764
11.786010046 764
11.789242837 764
11.789581635 764
11.793317933 764
11.796929263 764
11.800728003 764
11.804274459 764
11.804930478 764
11.807979397 764
11.811605463 764
11.815316208 764
11.818916251 764
11.822680424 764
11.826131321 764
11.829988630 764
11.833025230 764
11.839790788 764
11.843136854 764
11.843169495 764
