0.000940706 76800
0.001806918 76800
0.002796994 76800
0.004326433 76800
0.005445686 76800
0.006302956 76800
0.007804402 76800
0.008787176 76800
0.010313291 76800
0.011279542 76800
0.012797130 76800
0.013876472 76800
0.014798166 76800
0.016305937 76800
0.017272285 76800
0.018883032 76800
0.019778861 76800
0.021269949 76800
0.022175791 76800
0.023801084 76800
0.024772403 76800
0.025765827 76800
0.027164940 76800
0.028420723 76800
0.029763797 76800
0.030752233 76800
0.032421501 76800
0.033273223 76800
0.034242305 76800
0.035747046 76800
0.036887519 76800
0.037761225 76800
0.039246063 76800
0.040757030 76800
0.041844319 76800
0.042780761 76800
0.044277710 76800
0.045229930 76800
0.046873808 76800
0.047738810 76800
0.049230583 76800
0.050225512 76800
0.051230327 76800
0.052734196 76800
0.053727837 78336
0.055216859 78336
0.056231266 78336
0.057222656 78336
0.058711932 78336
0.059595400 78336
0.061221849 78336
0.062214541 78336
0.063728138 78336
0.064734751 78336
0.065729237 78336
0.067003275 78336
0.068276211 78336
0.069717105 78336
0.070692017 78336
0.071698220 78336
0.073194834 78336
0.074702270 78336
0.075533833 78336
0.076697569 78336
0.078195646 78336
0.079187729 78336
0.080681481 78336
0.084693532 78336
0.084713805 78336
0.084718730 78336
0.085426333 78336
0.086686464 78336
0.087644873 78336
0.089129516 78336
0.090182011 78336
0.091179390 78336
0.092677162 78336
0.093664404 78336
0.095201864 78336
0.096017711 78336
0.097666936 78336
0.098666166 78336
0.099503641 78336
0.101854432 78336
0.102566537 78336
0.103657139 78336
0.104651763 78336
0.106149773 78336
0.107161625 78336
0.108167794 78336
0.109139462 78336
0.110645946 78336
0.112168105 78336
0.113164916 78336
0.114266676 78336
0.117299768 78336
0.118047627 78336
0.118064876 78336
0.119801484 79872
0.120435828 79872
0.122133452 79872
0.122999084 79872
0.124143311 79872
0.125677486 79872
0.126621368 79872
0.128169056 79872
0.128985860 79872
0.130614502 79872
0.131617743 79872
0.132994974 79872
0.134101550 79872
0.135146696 79872
0.136630118 79872
0.137605870 79872
0.139101562 79872
0.140113194 79872
0.141620228 79872
0.142588282 79872
0.143595609 79872
0.145087597 79872
0.146086970 79872
0.147587509 79872
0.148585506 79872
0.149572410 79872
0.151126966 79872
0.152091649 79872
0.153580043 79872
0.154537373 79872
0.156121402 79872
0.156792863 79872
0.158574684 79872
0.159512801 79872
0.161064433 79872
0.162088185 79872
0.163057533 79872
0.164557390 79872
0.165594489 79872
0.166593671 79872
0.168095501 79872
0.169060539 79872
0.170045932 79872
0.171580036 79872
0.172845446 79872
0.174045978 79872
0.175582072 79872
0.176563313 79872
0.177649177 79872
0.178884176 79872
0.180047460 79872
0.181452565 79872
0.182550160 79872
0.184050088 79872
0.185036808 79872
0.185978249 81408
0.187653431 81408
0.188683375 81408
0.189508700 81408
0.191032563 81408
0.192522737 81408
0.193519688 81408
0.194515991 81408
0.195881171 81408
0.197005092 81408
0.198788523 81408
0.201027802 81408
0.201511419 81408
0.202014339 81408
0.202859703 81408
0.204028186 81408
0.205498310 81408
0.206996506 81408
0.208024973 81408
0.208993556 81408
0.210505668 81408
0.211486851 81408
0.213036826 81408
0.213980676 81408
0.215521034 81408
0.216495679 81408
0.217473366 81408
0.218936731 81408
0.220002471 81408
0.221469559 81408
0.222470857 81408
0.223832015 81408
0.224976405 81408
0.225959508 81408
0.227466236 81408
0.228994170 81408
0.231285431 81408
0.231683493 81408
0.231985892 81408
0.233457822 81408
0.234449957 81408
0.235970518 81408
0.236816027 81408
0.237946761 81408
0.239471997 81408
0.240230565 81408
0.241949007 81408
0.242937106 81408
0.244487171 81408
0.245440647 81408
0.246937176 81408
0.247970936 81408
0.249431754 81408
0.250444194 81408
0.251427903 81408
0.252916813 81408
0.253913074 82944
0.254951650 82944
0.256420186 82944
0.257912371 82944
0.258685165 82944
0.260076039 82944
0.261416359 82944
0.262454062 82944
0.263398977 82944
0.265076618 82944
0.265903869 82944
0.267394489 82944
0.268403581 82944
0.270027370 82944
0.270910995 82944
0.272412722 82944
0.273384201 82944
0.274505024 82944
0.275896713 82944
0.276880976 82944
0.278249210 82944
0.279516656 82944
0.280402780 82944
0.281878410 82944
0.283212437 82944
0.284506006 82944
0.285374906 82944
0.286864882 82944
0.287861958 82944
0.288967566 82944
0.290381505 82944
0.291394056 82944
0.292952860 82944
0.293978875 82944
0.295348585 82944
0.296387199 82944
0.297945005 82944
0.298870833 82944
0.299853863 82944
0.301342636 82944
0.302450109 82944
0.303351325 82944
0.304840518 82944
0.306292137 82944
0.307359990 82944
0.308355963 82944
0.309844819 82944
0.310596693 82944
0.312377364 82944
0.313332115 82944
0.314824165 82944
0.315836942 82944
0.316841543 82944
0.318327773 82944
0.319314018 82944
0.320622142 82944
0.321831299 82944
0.323322515 84480
0.324328476 84480
0.325223363 84480
0.326816644 84480
0.327853138 84480
0.329301058 84480
0.330307865 84480
0.331306538 84480
0.332812375 84480
0.333805592 84480
0.335301947 84480
0.336310557 84480
0.337800201 84480
0.338798977 84480
0.339802432 84480
0.341300255 84480
0.342279780 84480
0.343837478 84480
0.344782977 84480
0.346278260 84480
0.347292810 84480
0.348298019 84480
0.349778296 84480
0.350768272 84480
0.352298189 84480
0.353269520 84480
0.354765282 84480
0.355783557 84480
0.356765389 84480
0.358170644 84480
0.359298732 84480
0.361257510 84480
0.361759616 84480
0.363277015 84480
0.364277070 84480
0.365256989 84480
0.366666415 84480
0.367783491 84480
0.369257869 84480
0.370253086 84480
0.371760138 84480
0.372744716 84480
0.373730564 84480
0.375244699 84480
0.376258737 84480
0.377739408 84480
0.378729296 84480
0.380274902 84480
0.381230137 84480
0.382231305 84480
0.383734511 84480
0.384726300 84480
0.386230419 84480
0.387219191 84480
0.388744181 84480
0.389721726 84480
0.390769854 84480
0.392251110 84480
0.393238063 85504
0.394966124 85504
0.396238038 85504
0.397053918 85504
0.398207752 85504
0.399071926 85504
0.400217271 85504
0.401698659 85504
0.402984457 85504
0.404221799 85504
0.405706489 85504
0.406570071 85504
0.407691064 85504
0.409185086 85504
0.410120883 85504
0.411691413 85504
0.412684090 85504
0.414196844 85504
0.415179029 85504
0.416130860 85504
0.417675995 85504
0.418590120 85504
0.420204047 85504
0.421165053 85504
0.422671584 85504
0.423479833 85504
0.424659645 85504
0.426201892 85504
0.427092300 85504
0.428191926 85504
0.429879826 85504
0.431160028 85504
0.432215616 85504
0.433148801 85504
0.434651000 85504
0.435661614 85504
0.437145048 85504
0.437651958 85504
0.439077861 85504
0.440665507 85504
0.441646505 85504
0.443146336 85504
0.444160606 85504
0.445641504 85504
0.446630890 85504
0.447635348 85504
0.449135105 85504
0.450133037 85504
0.451621802 85504
0.452662089 85504
0.453616592 85504
0.455119971 85504
0.456265828 85504
0.457544894 85504
0.458618652 85504
0.460130411 85504
0.461009674 85504
0.462615998 85504
0.463652004 85504
0.464600940 87040
0.466127233 87040
0.467096285 87040
0.468627278 87040
0.469592214 87040
0.470595662 87040
0.472117082 87040
0.473093045 87040
0.474602068 87040
0.475383848 87040
0.477087082 87040
0.478110142 87040
0.479227619 87040
0.480590924 87040
0.481570805 87040
0.483100801 87040
0.484091645 87040
0.485080743 87040
0.486369933 87040
0.488097877 87040
0.488592661 87040
0.490077166 87040
0.491581680 87040
0.492464939 87040
0.493925759 87040
0.495053799 87040
0.496084567 87040
0.497555096 87040
0.498551322 87040
0.500089305 87040
0.501097706 87040
0.502549939 87040
0.503548346 87040
0.504542848 87040
0.506919721 87040
0.507557215 87040
0.508535352 87040
0.509571561 87040
0.511041199 87040
0.512028297 87040
0.513034790 87040
0.514448372 87040
0.515557329 87040
0.517029529 87040
0.518027650 87040
0.519542246 87040
0.520521450 87040
0.521518625 87040
0.522823742 87040
0.523842993 87040
0.525511330 87040
0.526535651 87040
0.528100034 87040
0.528739217 87040
0.530013471 87040
0.531355119 87040
0.532504892 87040
0.533710516 87040
0.535025942 87040
0.536521058 87040
0.537496108 88576
0.538485080 88576
0.539826128 88576
0.541026583 88576
0.542007666 88576
0.544013810 88576
0.544981191 88576
0.545494458 88576
0.546974141 88576
0.548497828 88576
0.549474675 88576
0.550470277 88576
0.551989925 88576
0.552976864 88576
0.554469198 88576
0.555717066 88576
0.556817877 88576
0.557961286 88576
0.559346017 88576
0.560957847 88576
0.561468771 88576
0.562955552 88576
0.563973110 88576
0.565488882 88576
0.566320161 88576
0.567974520 88576
0.568946768 88576
0.569748477 88576
0.571437314 88576
0.572434902 88576
0.573933123 88576
0.574943460 88576
0.576460619 88576
0.577433762 88576
0.578436269 88576
0.579445253 88576
0.580914981 88576
0.582435996 88576
0.583413203 88576
0.584284546 88576
0.585916186 88576
0.586924253 88576
0.587935973 88576
0.589409918 88576
0.590912305 88576
0.591905791 88576
0.592921806 88576
0.594407712 88576
0.595400444 88576
0.596865388 88576
0.597904796 88576
0.599388941 88576
0.600397099 88576
0.601909311 88576
0.602897019 88576
0.603882481 88576
0.605400419 88576
0.606399173 88576
0.607916038 88576
0.608880491 88576
0.610396628 88576
0.611383930 90112
0.612863585 90112
0.614865304 90112
0.614874417 90112
0.616396906 90112
0.617399249 90112
0.618878047 90112
0.619859068 90112
0.620870144 90112
0.622363923 90112
0.623351331 90112
0.624865553 90112
0.625858656 90112
0.627360331 90112
0.628360134 90112
0.629351084 90112
0.630852239 90112
0.631837834 90112
0.633353329 90112
0.634363824 90112
0.635344620 90112
0.636848710 90112
0.637850238 90112
0.639338714 90112
0.640372391 90112
0.641849713 90112
0.642836435 90112
0.643846214 90112
0.645162912 90112
0.646339431 90112
0.647831391 90112
0.648839840 90112
0.650336478 90112
0.651323202 90112
0.652320820 90112
0.653817187 90112
0.654814863 90112
0.656315703 90112
0.657329156 90112
0.658320247 90112
0.659812704 90112
0.660811050 90112
0.662313696 90112
0.663302928 90112
0.664798044 90112
0.665803105 90112
0.667307988 90112
0.668314308 90112
0.669282110 90112
0.670804813 90112
0.671787591 90112
0.673277542 90112
0.674274281 90112
0.675799001 90112
0.676783569 90112
0.677768106 90112
0.679283917 90112
0.680319762 90112
0.681763644 90112
0.682761178 90112
0.684280137 90112
0.685267610 90112
0.686263132 91648
0.687535633 91648
0.688774770 91648
0.690259693 90112
0.691274091 90112
0.692759332 88576
0.693761455 88576
0.694752434 87040
0.696210467 87040
0.697278452 85504
0.698750411 85504
0.699735417 84480
0.701290909 84480
0.702246999 82944
0.703236019 82944
0.704732981 81408
0.705748670 81408
0.707236462 79872
0.708233964 79872
0.709235034 78336
0.710745950 78336
0.711763943 76800
0.713231644 76800
0.714079545 75776
0.715743228 75776
0.716711450 74240
0.717708719 74240
0.719220981 72704
0.720231428 72704
0.721708737 71168
0.722723138 71168
0.724820658 69632
0.725712685 69632
0.726641040 68096
0.727442971 68096
0.728703270 67072
0.730230671 67072
0.731207457 65536
0.732221655 65536
0.733697264 64000
0.734702488 64000
0.736110285 62464
0.737204051 62464
0.738718548 60928
0.739683508 60928
0.741113940 59392
0.742191093 59392
0.743178843 58368
0.744675500 58368
0.745575371 56832
0.747173460 56832
0.747960676 55296
0.749688429 55296
0.750677750 53760
0.751667207 53760
0.752669361 52224
0.754156389 52224
0.755681845 50688
0.756701766 50688
0.757656554 49664
0.759167422 49664
0.760418000 48128
0.762148694 48128
0.762595931 46592
0.764003191 46592
0.765169824 46592
0.766153741 45056
0.767653923 45056
0.768555130 43520
0.770174157 43520
0.771133905 42496
0.772660739 42496
0.773718961 40960
0.775137752 40960
0.776023102 39424
0.777142251 39424
0.778627892 37888
0.779644264 37888
0.781122157 36352
0.782124621 36352
0.783023912 34816
0.784631853 34816
0.785467729 33792
0.787118103 33792
0.788126089 32256
0.789110729 32256
0.790741722 30720
0.791790881 30720
0.793106161 29184
0.794050498 29184
0.795635643 27648
0.796658650 27648
0.797591763 26112
0.799104179 26112
0.800084941 25088
0.801604216 25088
0.802584613 23552
0.804109817 23552
0.805130414 23552
0.806596668 23552
0.807573752 23552
0.808598435 23552
0.810085451 23552
0.811105606 23552
0.812566768 23552
0.813575667 23552
0.814581561 23552
0.816115048 23552
0.817057324 23552
0.818578536 23552
0.819565758 23552
0.821052432 23552
0.822065160 25088
0.823045442 25088
0.824552953 25088
0.825544601 25088
0.827066321 25088
0.828073520 25088
0.829540728 25088
0.830513174 25088
0.831557350 25088
0.833046425 25088
0.834038565 25088
0.835542865 25088
0.836574677 25088
0.838028896 25088
0.838859143 25088
0.840563840 25088
0.841532417 25088
0.842541588 26112
0.844039406 26112
0.845025285 26112
0.846528245 26112
0.847528785 26112
0.848524733 26112
0.850012567 26112
0.850954863 26112
0.852523044 26112
0.853508305 26112
0.855004585 26112
0.856022279 26112
0.857040752 26112
0.858509665 26112
0.859493832 26112
0.860519468 26112
0.861996891 26112
0.863504428 26112
0.864498826 27648
0.865511323 27648
0.866983518 27648
0.867990908 27648
0.869494280 27648
0.870487102 27648
0.871987089 27648
0.872987629 27648
0.874005475 27648
0.875470354 27648
0.876318793 27648
0.878017023 27648
0.878966309 27648
0.880332512 27648
0.881479320 27648
0.882465290 27648
0.883970592 27648
0.884971509 27648
0.886463431 27648
0.887457044 29184
0.888980892 29184
0.889970687 29184
0.890975527 29184
0.892445291 29184
0.893457339 29184
0.894953188 29184
0.895964698 29184
0.897441118 29184
0.898442916 29184
0.899433030 29184
0.900933240 29184
0.901937796 29184
0.903437627 29184
0.904424608 29184
0.905936228 29184
0.906935040 29184
0.907949125 29184
0.909441505 29184
0.910436050 29184
0.911943301 30720
0.912923377 30720
0.913923747 30720
0.915443475 30720
0.916434908 30720
0.917918325 30720
0.918913579 30720
0.920415515 30720
0.921412186 30720
0.922409791 30720
0.923896775 30720
0.924905348 30720
0.926405606 30720
0.927389442 30720
0.928909889 30720
0.929937060 30720
0.930883128 30720
0.932249441 30720
0.933380276 30720
0.934893453 30720
0.935876842 30720
0.937394024 32256
0.938384040 32256
0.939378888 32256
0.940888583 32256
0.941890238 32256
0.943374125 32256
0.944379140 32256
0.945886089 32256
0.946874659 32256
0.947868236 32256
0.949362764 32256
0.950367699 32256
0.951868695 32256
0.952819588 32256
0.954366508 32256
0.955072169 32256
0.956360714 32256
0.958042112 32256
0.958851901 32256
0.960672873 32256
0.961851772 32256
0.962848213 32256
0.963839830 33792
0.964843623 33792
0.966405600 33792
0.967356276 33792
0.968831499 33792
0.969826383 33792
0.971384031 33792
0.972440269 33792
0.973328692 33792
0.974825097 33792
0.975831420 33792
0.977330862 33792
0.978326563 33792
0.979317394 33792
0.980825218 33792
0.981854805 33792
0.983307462 33792
0.984315583 33792
0.985298946 33792
0.986809331 33792
0.987797343 33792
0.989313113 33792
0.990329933 33792
0.991792502 34816
0.992797644 34816
0.994307225 34816
0.995296469 34816
0.996310352 34816
0.997806971 34816
0.998817500 34816
1.000299303 34816
1.001278952 34816
1.002829950 34816
1.003787663 34816
1.004782975 34816
1.006106397 34816
1.007290886 34816
1.008782610 34816
1.009770764 34816
1.011269909 34816
1.012290687 34816
1.013283249 34816
1.014641829 34816
1.015780982 34816
1.017268793 34816
1.018251772 34816
1.019780307 34816
1.020763473 36352
1.021746392 36352
1.023264790 36352
1.024275392 36352
1.025756908 36352
1.026518022 36352
1.028292071 36352
1.029236453 36352
1.030241206 36352
1.031748722 36352
1.032739477 36352
1.034011553 36352
1.035251833 36352
1.036729839 36352
1.037517313 36352
1.038743295 36352
1.040252133 36352
1.041247800 36352
1.042742199 36352
1.043722266 36352
1.045217037 36352
1.046219900 36352
1.047221134 36352
1.048708431 36352
1.049718721 36352
1.051239428 37888
1.052236772 37888
1.053199542 37888
1.054746988 37888
1.055702932 37888
1.057208646 37888
1.058205029 37888
1.059706572 37888
1.060700615 37888
1.061726569 37888
1.063203668 37888
1.064209416 37888
1.065694399 37888
1.066702035 37888
1.068204395 37888
1.069176850 37888
1.070173648 37888
1.071693826 37888
1.072678834 37888
1.074169211 37888
1.075165570 37888
1.076187717 37888
1.077674378 37888
1.078666946 37888
1.080172003 37888
1.081178270 37888
1.082692814 39424
1.083665179 39424
1.085174133 39424
1.086181306 39424
1.087153050 39424
1.088650091 39424
1.089654437 39424
1.091170731 39424
1.092161770 39424
1.093501200 39424
1.094661353 39424
1.095641297 39424
1.097147352 39424
1.098142848 39424
1.099638507 39424
1.100632893 39424
1.101984353 39424
1.103139130 39424
1.104145881 39424
1.105621287 39424
1.106657201 39424
1.108146174 39424
1.109113752 39424
1.110630147 39424
1.111624772 39424
1.112613291 39424
1.114125702 39424
1.115114246 40960
1.116636636 40960
1.117601062 40960
1.118865028 40960
1.120128545 40960
1.121098040 40960
1.122793359 40960
1.123601730 40960
1.125782676 40960
1.126110342 40960
1.126893760 40960
1.128596030 40960
1.129589603 40960
1.130614076 40960
1.132098606 40960
1.133602273 40960
1.134605811 40960
1.135595280 40960
1.137085208 40960
1.138125440 40960
1.139309031 40960
1.140588772 40960
1.142071209 40960
1.143077542 40960
1.144089706 40960
1.145567537 40960
1.146569577 40960
1.148087681 40960
1.148890665 42496
1.150560759 42496
1.151582102 42496
1.152598695 42496
1.154095236 42496
1.155087328 42496
1.157051977 42496
1.157559798 42496
1.158602188 42496
1.162461448 42496
1.163542039 42496
1.163560126 42496
1.163565366 42496
1.164541171 42496
1.166078794 42496
1.166953976 42496
1.168532982 42496
1.169535331 42496
1.170861600 42496
1.172051980 42496
1.173526013 42496
1.175027811 42496
1.176238050 42496
1.177024717 42496
1.178021846 42496
1.180042942 42496
1.180344361 42496
1.182071538 42496
1.183509205 42496
1.184028606 43520
1.185512759 43520
1.186281749 43520
1.187838742 43520
1.188999370 43520
1.190515496 43520
1.191516746 43520
1.192494251 43520
1.193997813 43520
1.194989426 43520
1.196529362 43520
1.197122169 43520
1.199137147 43520
1.200072962 43520
1.200986010 43520
1.202221328 43520
1.203507439 43520
1.204977198 43520
1.205986034 43520
1.207508508 43520
1.208489806 43520
1.209466810 43520
1.210966530 43520
1.211978028 43520
1.212975756 43520
1.214466634 43520
1.215975980 43520
1.216754063 43520
1.217976237 43520
1.219453740 43520
1.220467255 45056
1.221955717 45056
1.222951727 45056
1.224452451 45056
1.225443609 45056
1.226449067 45056
1.227982498 45056
1.228931775 45056
1.230446272 45056
1.231462274 45056
1.232931115 45056
1.233836596 45056
1.234938124 45056
1.236429422 45056
1.237425457 45056
1.238928762 45056
1.239947861 45056
1.241463410 45056
1.242412921 45056
1.243429466 45056
1.244918415 45056
1.245905827 45056
1.247437105 45056
1.248447162 45056
1.249407902 45056
1.250899951 45056
1.251929368 45056
1.253406146 45056
1.254393188 45056
1.255907682 45056
1.256904095 45056
1.257887194 46592
1.259200560 46592
1.260398459 46592
1.261891728 46592
1.262899186 46592
1.264401603 46592
1.265410442 46592
1.266414335 46592
1.267874625 46592
1.268891046 46592
1.270378892 46592
1.271369555 46592
1.272916023 46592
1.273890422 46592
1.274873836 46592
1.276315940 46592
1.277381039 46592
1.278867885 46592
1.279884137 46592
1.281366357 46592
1.282365216 46592
1.283372436 46592
1.284652996 46592
1.285859350 46592
1.287344163 46592
1.288352565 46592
1.289888078 46592
1.290857390 46592
1.291841498 46592
1.293144337 46592
1.294362690 46592
1.295835451 46592
1.296723299 48128
1.298377087 48128
1.299331937 48128
1.300246996 48128
1.301831576 48128
1.302826181 48128
1.304366016 48128
1.305318722 48128
1.306823481 48128
1.307814109 48128
1.308812558 48128
1.310313986 48128
1.311326374 48128
1.312810796 48128
1.313807387 48128
1.315324412 48128
1.316348097 48128
1.317302678 48128
1.318798124 48128
1.319798751 48128
1.321297035 48128
1.322110945 48128
1.323795158 48128
1.324794437 48128
1.325787480 48128
1.327285785 48128
1.328305047 48128
1.329786854 48128
1.330780361 48128
1.331783844 48128
1.333279220 48128
1.334228008 48128
1.335802539 48128
1.336771362 49664
1.338232380 49664
1.339267828 49664
1.340290515 49664
1.341766332 49664
1.342780118 49664
1.344301682 49664
1.345258909 49664
1.346755750 49664
1.347754932 49664
1.348755589 49664
1.350186285 49664
1.351247854 49664
1.352749379 49664
1.353744885 49664
1.355250600 49664
1.356287518 49664
1.357243509 49664
1.358738713 49664
1.359705224 49664
1.361734497 49664
1.362238574 49664
1.363768204 49664
1.364732334 49664
1.365916998 49664
1.367236199 49664
1.368271379 49664
1.370553007 49664
1.370973173 49664
1.372253974 49664
1.373223828 49664
1.374249215 49664
1.375727020 49664
1.376716799 49664
1.378220113 50688
1.379214971 50688
1.380732380 50688
1.381722243 50688
1.382698628 50688
1.384219162 50688
1.385014297 50688
1.386703525 50688
1.387750926 50688
1.388690114 50688
1.390213011 50688
1.391221121 50688
1.392685556 50688
1.393455786 50688
1.395222821 50688
1.396195476 50688
1.397175954 50688
1.398688325 50688
1.399684118 50688
1.401188551 50688
1.402171046 50688
1.403691516 50688
1.404675176 50688
1.405693548 50688
1.407123379 50688
1.408191458 50688
1.409665467 50688
1.410658107 50688
1.412180629 50688
1.413167492 50688
1.414159762 50688
1.415673718 50688
1.416674283 50688
1.418155377 50688
1.419180653 50688
1.420664980 52224
1.421657523 52224
1.422641303 52224
1.424152270 52224
1.425144482 52224
1.426641473 52224
1.427637013 52224
1.429143179 52224
1.430141743 52224
1.431139546 52224
1.432641792 52224
1.433636706 52224
1.435120743 52224
1.435886261 52224
1.437637746 52224
1.438629860 52224
1.439620508 52224
1.441147514 52224
1.442117439 52224
1.443608530 52224
1.444614713 52224
1.445614526 52224
1.447133283 52224
1.448112790 52224
1.449113860 52224
1.450603582 52224
1.452106631 52224
1.453112811 52224
1.454111266 52224
1.455589289 52224
1.456512520 52224
1.458102126 52224
1.459091577 52224
1.460605666 52224
1.461603879 52224
1.462590840 52224
1.464090380 53760
1.464919767 53760
1.466608413 53760
1.467582450 53760
1.468986014 53760
1.470081016 53760
1.471112330 53760
1.472579197 53760
1.473580016 53760
1.475086821 53760
1.476076686 53760
1.477368406 53760
1.478594566 53760
1.479559484 53760
1.481056351 53760
1.481906359 53760
1.483558851 53760
1.484560626 53760
1.485996161 53760
1.487064823 53760
1.488065895 53760
1.489551415 53760
1.490578989 53760
1.492094264 53760
1.493034845 53760
1.494531064 53760
1.495537664 53760
1.496537496 53760
1.498024164 53760
1.499021826 53760
1.500057089 53760
1.501528441 53760
1.503019515 53760
1.504040541 53760
1.505054263 53760
1.506519162 53760
1.507514921 53760
1.509031857 55296
1.510020593 55296
1.511511334 55296
1.512507287 55296
1.513420153 55296
1.515013065 55296
1.516034898 55296
1.517510708 55296
1.518509078 55296
1.519501593 55296
1.520998141 55296
1.521990994 55296
1.522993763 55296
1.524490454 55296
1.525990617 55296
1.526942410 55296
1.528497292 55296
1.529475791 55296
1.530492600 55296
1.532010370 55296
1.532980202 55296
1.534306962 55296
1.535656432 55296
1.536471629 55296
1.538245150 55296
1.539481678 55296
1.540318319 55296
1.541482974 55296
1.542974930 55296
1.544014029 55296
1.544971982 55296
1.546463704 55296
1.547148263 55296
1.548744549 55296
1.549982536 55296
1.551484612 55296
1.552455441 55296
1.553446665 55296
1.554444241 56832
1.557145886 56832
1.557462059 56832
1.558436424 56832
1.560504081 56832
1.561438960 56832
1.561998672 56832
1.563436073 56832
1.564435522 56832
1.565973592 56832
1.566929367 56832
1.567939637 56832
1.569263199 56832
1.570443500 56832
1.571947102 56832
1.572923372 56832
1.574439413 56832
1.575380487 56832
1.576358357 56832
1.577863177 56832
1.578912261 56832
1.580466255 56832
1.581414900 56832
1.582182266 56832
1.583904106 56832
1.584901925 56832
1.586399198 56832
1.587396699 56832
1.588898755 56832
1.589889411 56832
1.590914809 56832
1.592403865 56832
1.593889976 56832
1.594900953 56832
1.595893876 56832
1.597400396 56832
1.598381574 56832
1.599625170 56832
1.600876354 56832
1.602375401 58368
1.603414809 58368
1.604233982 58368
1.605890756 58368
1.606868487 58368
1.608366753 58368
1.609393222 58368
1.610359240 58368
1.611862735 58368
1.612857671 58368
1.614373876 58368
1.615309874 58368
1.616898600 58368
1.617737662 58368
1.618847080 58368
1.620381520 58368
1.621344885 58368
1.622571340 58368
1.623877365 58368
1.625336410 58368
1.626362680 58368
1.627389331 58368
1.628758726 58368
1.629828269 58368
1.631342970 58368
1.632359514 58368
1.633837037 58368
1.634829457 58368
1.635742461 58368
1.637323647 58368
1.638317245 58368
1.639817703 58368
1.640724670 58368
1.642218014 58368
1.643015360 58368
1.644295230 58368
1.645806693 58368
1.646815348 58368
1.648377932 58368
1.649301302 58368
1.650297090 59392
1.651826111 59392
1.652811212 59392
1.654290612 59392
1.655195972 59392
1.656795860 59392
1.657795150 59392
1.658837314 59392
1.660110654 59392
1.661792547 59392
1.662697170 59392
1.663328896 59392
1.665315940 59392
1.666194498 59392
1.668048599 59392
1.669313369 59392
1.669777997 59392
1.671274271 59392
1.672295900 59392
1.673769598 59392
1.675133869 59392
1.675758337 59392
1.676964509 59392
1.678258041 59392
1.679916550 59392
1.680770730 59392
1.682247262 59392
1.683243745 59392
1.684358089 59392
1.685779483 59392
1.686742017 59392
1.688249557 59392
1.689335950 59392
1.690301208 59392
1.691730848 59392
1.692727515 59392
1.694364786 59392
1.695231949 59392
1.696723658 59392
1.697734719 59392
1.698816249 59392
1.700229863 60928
1.701214684 60928
1.702836819 60928
1.703736577 60928
1.705215984 60928
1.706229991 60928
1.707326222 60928
1.708717928 60928
1.709709243 60928
1.711315922 60928
1.712342219 60928
1.713700759 60928
1.714707373 60928
1.716715144 60928
1.720686577 60928
1.720696508 60928
1.720698738 60928
1.720700685 60928
1.722086788 60928
1.723299435 60928
1.724213501 60928
1.725680330 60928
1.726236252 60928
1.728218222 60928
1.729172190 60928
1.730778525 60928
1.731696220 60928
1.732679908 60928
1.734167584 60928
1.735261769 60928
1.736190058 60928
1.737671286 60928
1.739274093 60928
1.740207665 60928
1.741165746 60928
1.742750604 60928
1.743674222 60928
1.745150976 60928
1.746090031 60928
1.747666792 60928
1.748657312 60928
1.749641467 60928
1.751277645 62464
1.752199763 62464
1.753652187 62464
1.754732801 62464
1.755648547 62464
1.757149970 62464
1.758128124 62464
1.759763244 62464
1.761157400 62464
1.762124988 62464
1.763220690 62464
1.764192485 62464
1.765638629 62464
1.766631356 62464
1.767715421 62464
1.769120563 62464
1.770627200 62464
1.771713411 62464
1.772629649 62464
1.774114684 62464
1.775103116 62464
1.776745966 62464
1.777611722 62464
1.779098037 62464
1.780193732 62464
1.781116370 62464
1.782592763 62464
1.783642370 62464
1.785115883 62464
1.786094849 62464
1.787601199 62464
1.788703715 62464
1.789602457 62464
1.791092692 62464
1.792109280 62464
1.793759726 62464
1.794581002 62464
1.796088271 62464
1.796844382 62464
1.798603245 62464
1.799575158 62464
1.800570688 62464
1.801937384 62464
1.803198692 64000
1.804119101 64000
1.805555759 64000
1.807171775 64000
1.808096802 64000
1.809055620 64000
1.810552913 64000
1.812196029 64000
1.813075525 64000
1.814040452 64000
1.815560516 64000
1.816651028 64000
1.817557514 64000
1.819039207 64000
1.820062856 64000
1.821060867 64000
1.822535285 64000
1.823543359 64000
1.825165044 64000
1.826047939 64000
1.827531079 64000
1.828520923 64000
1.830060187 64000
1.831258778 64000
1.832543882 64000
1.833548966 64000
1.834523961 64000
1.836066356 64000
1.837008814 64000
1.838066316 64000
1.839519269 64000
1.840454502 64000
1.842012862 64000
1.843010919 64000
1.844514599 64000
1.845503834 64000
1.847042580 64000
1.848024389 64000
1.849027900 64000
1.850525942 64000
1.851520421 64000
1.853001604 64000
1.853985693 64000
1.855498149 64000
1.856500250 65536
1.857542055 65536
1.859295843 65536
1.859831158 65536
1.861400265 65536
1.862488691 65536
1.864022643 65536
1.865015713 65536
1.865899806 65536
1.867466599 65536
1.868469281 65536
1.869731368 65536
1.871007712 65536
1.871983717 65536
1.873468526 65536
1.874457341 65536
1.876002148 65536
1.876961553 65536
1.878464455 65536
1.879457448 65536
1.880350106 65536
1.881861427 65536
1.882946660 65536
1.884237663 65536
1.885453661 65536
1.886989852 65536
1.887973245 65536
1.888712117 65536
1.890466253 65536
1.891222629 65536
1.892940740 65536
1.893926243 65536
1.894929711 65536
1.896434575 65536
1.897484736 65536
1.898919741 65536
1.899942555 65536
1.901424056 65536
1.902445210 65536
1.903416534 65536
1.904920143 65536
1.905911220 65536
1.907457960 65536
1.908412450 65536
1.909904435 65536
1.910947201 67072
1.911908025 67072
1.913400783 67072
1.914436106 67072
1.915905305 67072
1.916888939 67072
1.918448701 67072
1.919451901 67072
1.920407903 67072
1.921884436 67072
1.922936171 67072
1.924422705 67072
1.925382595 67072
1.926964695 67072
1.927883289 67072
1.929382148 67072
1.930378451 67072
1.931411941 67072
1.932874365 67072
1.933865299 67072
1.935408593 67072
1.936428043 67072
1.937391201 67072
1.938900379 67072
1.939854926 67072
1.941443557 67072
1.942355881 67072
1.943852017 67072
1.944706569 67072
1.945901294 67072
1.947343646 67072
1.948352849 67072
1.949883892 67072
1.950848587 67072
1.952353758 67072
1.953336241 67072
1.954344081 67072
1.955855043 67072
1.956834270 67072
1.958348274 67072
1.959493008 67072
1.960846461 67072
1.961819288 67072
1.962819757 67072
1.964416005 67072
1.965358145 67072
1.966820183 68096
1.967811666 68096
1.969406852 68096
1.970336194 68096
1.971311127 68096
1.972804277 68096
1.973901658 68096
1.974819389 68096
1.976322760 68096
1.977796879 68096
1.978956798 68096
1.979810989 68096
1.981301388 68096
1.982288740 68096
1.983966591 68096
1.984791733 68096
1.986286881 68096
1.987404413 68096
1.988412045 68096
1.989791258 68096
1.990802923 68096
1.992392643 68096
1.993290721 68096
1.994782842 68096
1.995769588 68096
1.996811798 68096
1.998275821 68096
1.999260645 68096
2.000762032 68096
2.001771968 68096
2.003258065 68096
2.004268335 68096
2.005269778 68096
2.006772084 68096
2.007761622 68096
2.009267502 68096
2.011780145 68096
2.013776262 68096
2.016263114 68096
2.018746974 68096
2.021011201 68096
2.023725316 68096
2.026251802 69632
2.028253954 69632
2.030726412 69632
2.033213093 69632
2.035716269 69632
2.038229853 69632
2.040603752 69632
2.042857822 69632
2.045206976 69632
2.047703640 69632
2.050200408 69632
2.052712533 69632
2.055194599 69632
2.057703821 69632
2.059686878 69632
2.062225794 69632
2.064683820 69632
2.067055249 69632
2.069675111 69632
2.072039635 69632
2.074660740 69632
2.077169922 69632
2.079155904 69632
2.081666745 69632
2.084191513 69632
2.086661027 71168
2.089134460 71168
2.091665592 71168
2.093645625 71168
2.096152792 71168
2.098626842 71168
2.101130266 71168
2.103437473 71168
2.106113412 71168
2.108629177 71168
2.110605200 71168
2.113113679 71168
2.115625547 71168
2.118104042 71168
2.120554619 71168
2.123093860 71168
2.125620599 71168
2.127588036 71168
2.130100048 71168
2.132571987 71168
2.135108036 71168
2.137570949 71168
2.140093736 71168
2.142057326 71168
2.144566030 71168
2.147063356 72704
2.149559498 72704
2.151994127 72704
2.154547283 72704
2.157071300 72704
2.159038538 72704
2.161546211 72704
2.164049005 72704
2.166571049 72704
2.168869053 72704
2.171528988 72704
2.174038097 72704
2.176015761 72704
2.178514084 72704
2.181015846 72704
2.183509106 72704
2.186017992 72704
2.188519899 72704
2.191025432 72704
2.192868321 72704
2.195478256 72704
2.197998836 72704
2.200470862 72704
2.202977898 72704
2.205487015 72704
2.207971216 72704
2.209971855 74240
2.212450425 74240
2.214954118 74240
2.217467964 74240
2.219988978 74240
2.221957483 74240
2.224435877 74240
2.226943359 74240
2.229456421 74240
2.231866613 74240
2.234429078 74240
2.236690901 74240
2.238926591 74240
2.241448319 74240
2.243909082 74240
2.246407809 74240
2.248912083 74240
2.251406683 74240
2.253412576 74240
2.258425665 74240
2.259388373 74240
2.260913500 74240
2.263234601 74240
2.265800761 74240
2.268377084 74240
2.270896430 74240
2.272871426 75776
2.275367754 75776
2.277864520 75776
2.280361326 75776
2.282855055 75776
2.285151178 75776
2.287843760 75776
2.290357335 75776
2.292356392 75776
2.294839376 75776
2.297325777 75776
2.299832670 75776
2.302343916 75776
2.304815664 75776
2.306830173 75776
2.309305278 75776
2.312048245 75776
2.314621071 75776
2.316539049 75776
2.319116303 75776
2.321385576 75776
2.324153025 75776
2.326500893 75776
2.329002297 75776
2.331585833 75776
2.333481247 75776
2.336117813 75776
2.338488572 77312
2.341000593 77312
2.343611505 77312
2.345980405 77312
2.348099246 77312
2.350458556 77312
2.352974338 77312
2.355452834 77312
2.357960214 77312
2.360340786 77312
2.362940835 77312
2.365066566 77312
2.367437798 77312
2.369950452 77312
2.372277506 77312
2.374961363 77312
2.377515266 77312
2.379961650 77312
2.382002209 77312
2.384404368 77312
2.387042205 77312
2.389412735 77312
2.391944918 77312
2.394391052 77312
2.396920117 77312
2.398881767 77312
2.401401110 77312
2.403874478 78848
2.406424911 78848
2.408654413 78848
2.411199752 78848
2.413678532 78848
2.416222981 78848
2.418673375 78848
2.420686612 78848
2.423163809 78848
2.425668059 78848
2.428191803 78848
2.430676187 78848
2.433661923 78848
2.435664701 78848
2.437714900 78848
2.439965792 78848
2.442500238 78848
2.445143030 78848
2.447473304 78848
2.450132616 78848
2.452637450 78848
2.454652725 78848
2.457176753 78848
2.459577166 78848
2.462118616 78848
2.464608395 78848
2.466624509 78848
2.469071694 78848
2.471871498 80384
2.474362367 80384
2.476869364 80384
2.478851807 80384
2.481357228 80384
2.483844673 80384
2.486540002 80384
2.488525568 80384
2.491045571 80384
2.493530959 80384
2.496024014 80384
2.498546384 80384
2.501039208 80384
2.503008207 80384
2.505518888 80384
2.507455509 80384
2.510539248 80384
2.512994954 80384
2.515512403 80384
2.517970101 80384
2.519996696 80384
2.522488298 80384
2.524972262 80384
2.527485626 80384
2.529977235 80384
2.532469855 80384
2.534953405 80384
2.536959284 80384
2.539444156 81920
2.541980692 81920
2.544410967 81920
2.546942603 81920
2.549357838 81920
2.551947717 81920
2.553779156 81920
2.556425670 81920
2.558934658 81920
2.561443054 81920
2.563941339 81920
2.566425198 81920
2.568521883 81920
2.570903738 81920
2.573533094 81920
2.575888335 81920
2.578401846 81920
2.580900471 81920
2.583432982 81920
2.585373900 81920
2.588328990 81920
2.590284681 81920
2.592802347 81920
2.595261988 81920
2.597777881 81920
2.600279576 81920
2.602764275 81920
2.604746441 81920
2.607647012 81920
2.609627500 82944
2.612494596 82944
2.614508433 82944
2.616961811 82944
2.619250217 82944
2.621963459 82944
2.624274672 82944
2.627539657 82944
2.629450837 82944
2.631996759 82944
2.633767355 82944
2.636466531 82944
2.638435318 82944
2.641452920 82944
2.643718256 82944
2.646424601 82944
2.648431003 82944
2.651269579 82944
2.653402889 82944
2.655969771 82944
2.658403039 82944
2.660913935 82944
2.663401223 82944
2.665413194 82944
2.667908984 82944
2.670384877 82944
2.672906670 82944
2.674898767 82944
2.677884546 82944
2.679868010 84480
2.682250811 84480
2.684855531 84480
2.687383297 84480
2.689862909 84480
2.692376582 84480
2.694852685 84480
2.696695683 84480
2.699385363 84480
2.701876052 84480
2.704355007 84480
2.706818901 84480
2.709188457 84480
2.711316380 84480
2.713851082 84480
2.716356657 84480
2.718868428 84480
2.721297997 84480
2.723860292 84480
2.726290593 84480
2.728327705 84480
2.730784457 84480
2.733275599 84480
2.735775151 84480
2.738272932 84480
2.740768299 84480
2.743115685 84480
2.745256965 84480
2.747797630 84480
2.750252017 84480
2.752755635 86016
2.755130545 86016
2.757743919 86016
2.760869781 86016
2.762251143 86016
2.764752782 86016
2.767226397 86016
2.769724951 86016
2.772267553 86016
2.774582359 86016
2.777218809 86016
2.779222390 86016
2.781531191 86016
2.784215608 86016
2.786697905 86016
2.789195369 86016
2.791705031 86016
2.794223169 86016
2.796194078 86016
2.798605418 86016
2.801171948 86016
2.803697005 86016
2.806170148 86016
2.808691102 86016
2.810661371 86016
2.813181552 86016
2.815668632 86016
2.819746643 86016
2.820228700 86016
2.823143291 86016
2.825664941 87552
2.827639066 87552
2.830138580 87552
2.832623589 87552
2.835133334 87552
2.837646867 87552
2.840125371 87552
2.842637231 87552
2.844607302 87552
2.847124565 87552
2.849597773 87552
2.852295494 87552
2.854241583 87552
2.856747729 87552
2.859043270 87552
2.861543834 87552
2.864258699 87552
2.866555352 87552
2.869736112 87552
2.871231495 87552
2.873719551 87552
2.876228182 87552
2.878716240 87552
2.881060006 87552
2.883698128 87552
2.886222774 87552
2.888217111 87552
2.890718144 87552
2.893180113 87552
2.895690545 87552
2.898195341 87552
2.900687641 89088
2.903187904 89088
2.905182399 89088
2.907675846 89088
2.910300816 89088
2.912831188 89088
2.915304182 89088
2.917287631 89088
2.919785511 89088
2.922446131 89088
2.924945974 89088
2.926939897 89088
2.929440808 89088
2.931939228 89088
2.934432681 89088
2.936730713 89088
2.939410835 89088
2.941951028 89088
2.943940722 89088
2.946422911 89088
2.948895205 89088
2.951408431 89088
2.953806488 89088
2.956486784 89088
2.958893299 89088
2.961378945 89088
2.963382951 89088
2.965876454 89088
2.968385840 89088
2.970864674 89088
2.973370235 89088
2.975878691 90624
2.977859202 90624
2.980370358 90624
2.982848091 90624
2.985383299 90624
2.987844281 90624
2.990365178 90624
2.992338181 90624
2.994836983 90624
2.997323520 90624
2.999830551 90624
3.002338247 90624
3.004813317 90624
3.007327629 90624
3.009317895 90624
3.011812121 90624
3.014297822 90624
3.016829803 90624
3.019329587 90624
3.021787782 90624
3.024320141 90624
3.026290597 90624
3.028783949 90624
3.031284808 90624
3.033778327 90624
3.036160487 90624
3.038774412 90624
3.041319543 90624
3.043265702 90624
3.045764710 90624
3.048519468 90624
3.050758766 90624
3.052559035 92160
3.055747756 92160
3.058334226 92160
3.060287806 92160
3.061754479 90112
3.062734567 88576
3.063627762 88576
3.065235263 87040
3.066261910 87040
3.067742836 85504
3.068718674 85504
3.070216341 84480
3.071234472 84480
3.072722568 82944
3.073552543 82944
3.074670232 81408
3.076732746 81408
3.077205374 79872
3.078752418 79872
3.081270569 78336
3.083200373 76800
3.085774849 75776
3.088092376 74240
3.090724744 72704
3.093250410 71168
3.095684443 69632
3.098212307 68096
3.100217509 67072
3.102518669 65536
3.105176057 64000
3.107671652 62464
3.110192985 60928
3.112660842 59392
3.114686753 58368
3.117063614 56832
3.119906229 55296
3.122141197 53760
3.124646186 52224
3.127132433 50688
3.129613281 49664
3.131629088 48128
3.134122851 46592
3.135665065 46080
3.136540658 45056
3.138139335 43520
3.139160376 43520
3.140152836 42496
3.141652480 42496
3.142608633 40960
3.144035306 40960
3.145102272 39424
3.146638255 39424
3.147609560 37888
3.148593259 37888
3.149913786 36352
3.151106913 36352
3.152594221 34816
3.153586294 34816
3.156112585 33792
3.158579860 32256
3.161581388 30720
3.163574845 29184
3.165603447 27648
3.168178436 26112
3.170578098 25088
3.173196000 23552
3.175554692 23040
3.177729807 23040
3.180058442 23040
3.182739520 23040
3.184789786 23040
3.187704470 23040
3.189785554 23040
3.191982625 23040
3.194699859 24576
3.197173265 24576
3.199916473 24576
3.201912385 24576
3.204400148 24576
3.206887984 24576
3.209400589 24576
3.211881657 24576
3.214390659 24576
3.216679336 26112
3.219248335 26112
3.221834950 26112
3.223744049 26112
3.226362265 26112
3.228716923 26112
3.231306524 26112
3.233705879 26112
3.235818119 26112
3.238702048 27648
3.240803829 27648
3.243188616 27648
3.245713250 27648
3.248234328 27648
3.250712822 27648
3.253176318 27648
3.255333031 27648
3.257698451 27648
3.260214862 27648
3.262675480 29184
3.265168821 29184
3.267497509 29184
3.269663029 29184
3.272173336 29184
3.274649828 29184
3.277083526 29184
3.279633583 29184
3.282254628 29184
3.284629341 29184
3.286731157 30720
3.289150815 30720
3.291698523 30720
3.294111598 30720
3.296813275 30720
3.298805107 30720
3.301380026 30720
3.303795270 30720
3.306441666 30720
3.308790668 30720
3.311283868 30720
3.313612015 32256
3.315772472 32256
3.318082092 32256
3.320756309 32256
3.323372633 32256
3.325750560 32256
3.330259614 32256
3.332254667 32256
3.332746385 32256
3.335361219 32256
3.337756319 32256
3.340396027 32256
3.342725547 33792
3.345253121 33792
3.347219394 33792
3.349846424 33792
3.352245239 33792
3.354560079 33792
3.357203730 33792
3.359708315 33792
3.362336759 33792
3.364205285 33792
3.366803101 33792
3.369201562 33792
3.371800313 35328
3.374176587 35328
3.376705915 35328
3.379171540 35328
3.381186762 35328
3.383664545 35328
3.386171060 35328
3.388647951 35328
3.391170849 35328
3.393672732 35328
3.396190267 35328
3.398147275 35328
3.400588364 35328
3.403133759 36864
3.405632751 36864
3.408146902 36864
3.410644805 36864
3.413113542 36864
3.415121429 36864
3.417611479 36864
3.420126894 36864
3.422607463 36864
3.424870990 36864
3.427601736 36864
3.429589467 36864
3.432105179 36864
3.434585335 38400
3.436789520 38400
3.439579604 38400
3.442081879 38400
3.444576151 38400
3.446561772 38400
3.449063738 38400
3.451560156 38400
3.454050458 38400
3.456561988 38400
3.459067485 38400
3.463054662 38400
3.463557594 38400
3.466072518 38400
3.468539161 39936
3.470960764 39936
3.473598358 39936
3.476054508 39936
3.478560974 39936
3.480535334 39936
3.482740827 39936
3.485513936 39936
3.487511734 39936
3.490556556 39936
3.493005855 39936
3.494929193 39936
3.497571678 39936
3.500022645 39936
3.502578516 41472
3.504986587 41472
3.507494386 41472
3.509979010 41472
3.512318942 41472
3.514470169 41472
3.516989579 41472
3.519525348 41472
3.521966400 41472
3.524464900 41472
3.526450199 41472
3.528979054 41472
3.531444977 41472
3.533963099 41472
3.536441099 41472
3.538967271 43008
3.541028526 43008
3.544363441 43008
3.545954788 43008
3.548416845 43008
3.550933510 43008
3.553414172 43008
3.556407514 43008
3.558411681 43008
3.561400930 43008
3.562900785 43008
3.565454682 43008
3.567722735 43008
3.570426174 43008
3.572890268 43008
3.575215209 44544
3.577373460 44544
3.579880445 44544
3.582365232 44544
3.584865440 44544
3.587167697 44544
3.589627351 44544
3.592127392 44544
3.594348066 44544
3.596870432 44544
3.599345591 44544
3.601882208 44544
3.604325263 44544
3.606834946 44544
3.609344071 44544
3.611317086 44544
3.613825490 46080
3.616361564 46080
3.618819969 46080
3.621308013 46080
3.623303705 46080
3.626305051 46080
3.628323577 46080
3.630784646 46080
3.633288740 46080
3.635796256 46080
3.638284815 46080
3.640302367 46080
3.643320865 46080
3.645284539 46080
3.647765403 46080
3.650270370 46080
3.652755307 47104
3.655257394 47104
3.657759939 47104
3.659772842 47104
3.662252058 47104
3.664737637 47104
3.667249251 47104
3.669726283 47104
3.672257950 47104
3.674744132 47104
3.676725938 47104
3.678983857 47104
3.681708742 47104
3.684228282 47104
3.686701303 47104
3.689210534 47104
3.691710761 47104
3.693699342 48640
3.696198268 48640
3.698688012 48640
3.701194118 48640
3.703694657 48640
3.706217537 48640
3.708681474 48640
3.710676636 48640
3.713170416 48640
3.715676503 48640
3.718191484 48640
3.720666801 48640
3.722976047 48640
3.725665291 48640
3.727650997 48640
3.730148881 48640
3.732637245 48640
3.735140906 50176
3.737174114 50176
3.740160500 50176
3.742124879 50176
3.744618841 50176
3.747038280 50176
3.749613992 50176
3.752137980 50176
3.754599818 50176
3.757108201 50176
3.759090621 50176
3.761601797 50176
3.764118509 50176
3.766593839 50176
3.769091071 50176
3.771435368 50176
3.774070400 50176
3.776091651 50176
3.778566469 51712
3.781079126 51712
3.783559751 51712
3.786064239 51712
3.788504408 51712
3.790569047 51712
3.793052326 51712
3.795562314 51712
3.798040656 51712
3.800536305 51712
3.803043421 51712
3.805519804 51712
3.808054107 51712
3.810033290 51712
3.812530342 51712
3.815009993 51712
3.817521042 51712
3.819927419 51712
3.822505135 53248
3.824342344 53248
3.827025392 53248
3.829493923 53248
3.831993371 53248
3.834483486 53248
3.836985471 53248
3.839480788 53248
3.841522183 53248
3.843999379 53248
3.846462711 53248
3.848821605 53248
3.851274628 53248
3.853958856 53248
3.856463277 53248
3.858325520 53248
3.860948013 53248
3.863456882 53248
3.865929114 53248
3.868576517 54784
3.870531463 54784
3.873038608 54784
3.875543751 54784
3.879519131 54784
3.880536927 54784
3.883038401 54784
3.885021400 54784
3.887534280 54784
3.890006353 54784
3.892509845 54784
3.895006391 54784
3.897499642 54784
3.900060645 54784
3.902491950 54784
3.905872039 54784
3.907482730 54784
3.909488496 54784
3.911930468 54784
3.914513881 56320
3.916998266 56320
3.918962272 56320
3.921458855 56320
3.923978578 56320
3.926459465 56320
3.928464108 56320
3.931462983 56320
3.933947586 56320
3.935945121 56320
3.938830653 56320
3.940814004 56320
3.943319352 56320
3.945832208 56320
3.948416499 56320
3.950813565 56320
3.953306078 56320
3.955239810 56320
3.957796159 56320
3.960741945 56320
3.962812365 57856
3.965311694 57856
3.967781676 57856
3.970288503 57856
3.972278511 57856
3.974770934 57856
3.977284440 57856
3.980043005 57856
3.981819491 57856
3.984503783 57856
3.987019922 57856
3.989527444 57856
3.992029829 57856
3.994510469 57856
3.996493863 57856
3.998996933 57856
4.001483098 57856
4.004026031 57856
4.006482803 57856
4.008983886 57856
4.011496198 59392
4.013469590 59392
4.016008298 59392
4.018460466 59392
4.020968328 59392
4.023460962 59392
4.025952055 59392
4.028456848 59392
4.030026461 59392
4.032950286 59392
4.035443010 59392
4.038170449 59392
4.040177423 59392
4.042657958 59392
4.045165328 59392
4.047642706 59392
4.050184702 59392
4.052650045 59392
4.054636888 59392
4.056803122 59392
4.059630354 59392
4.062141453 60928
4.064623747 60928
4.067148311 60928
4.069105439 60928
4.071624684 60928
4.074105523 60928
4.076941482 60928
4.078910510 60928
4.081407511 60928
4.083911715 60928
4.086400323 60928
4.088894424 60928
4.091425072 60928
4.093383661 60928
4.095887247 60928
4.098382585 60928
4.100887105 60928
4.103361427 60928
4.105865062 60928
4.108400564 60928
4.110352767 60928
4.112853265 61952
4.115362543 61952
4.117853992 61952
4.120347309 61952
4.122840244 61952
4.125291665 61952
4.127324814 61952
4.129858823 61952
4.132357325 61952
4.134837567 61952
4.137308687 61952
4.139839646 61952
4.142318390 61952
4.144319407 61952
4.146807470 61952
4.149287961 61952
4.151797912 61952
4.154282796 61952
4.156840459 61952
4.158823096 61952
4.161820469 61952
4.163897298 61952
4.166348251 63488
4.168821046 63488
4.171309724 63488
4.173319754 63488
4.175797793 63488
4.178306540 63488
4.180796560 63488
4.183505501 63488
4.185487489 63488
4.188126896 63488
4.190627640 63488
4.193089354 63488
4.195598658 63488
4.197550311 63488
4.200106584 63488
4.202712089 63488
4.205113192 63488
4.207598750 63488
4.209908912 63488
4.212089330 63488
4.214402506 63488
4.217065058 63488
4.219594149 65024
4.222083362 65024
4.224574116 65024
4.227060558 65024
4.229053426 65024
4.231551201 65024
4.234024441 65024
4.236563573 65024
4.239046407 65024
4.241084477 65024
4.244060334 65024
4.246100539 65024
4.248542063 65024
4.251280066 65024
4.253277798 65024
4.256020623 65024
4.258483151 65024
4.260497298 65024
4.262969817 65024
4.265500955 65024
4.267771874 65024
4.270467666 65024
4.273077185 65024
4.275459980 66560
4.278097900 66560
4.279964440 66560
4.282555653 66560
4.284936643 66560
4.287461078 66560
4.289932145 66560
4.292060091 66560
4.294929245 66560
4.296934667 66560
4.299413741 66560
4.301720278 66560
4.304227391 66560
4.306712358 66560
4.309202875 66560
4.311709848 66560
4.314195536 66560
4.316225712 66560
4.318688343 66560
4.321191607 66560
4.323680209 66560
4.326175017 66560
4.328760830 66560
4.330830742 68096
4.333774075 68096
4.335657097 68096
4.338207194 68096
4.340655858 68096
4.343165810 68096
4.345438426 68096
4.347968286 68096
4.350316306 68096
4.352937232 68096
4.355454601 68096
4.357421422 68096
4.360436109 68096
4.362411686 68096
4.364506296 68096
4.367406912 68096
4.369935688 68096
4.372424097 68096
4.374527214 68096
4.376918601 68096
4.379535242 68096
4.381914287 68096
4.384414668 68096
4.386885991 68096
4.388905826 69632
4.391416135 69632
4.393888049 69632
4.396401734 69632
4.398858423 69632
4.400896812 69632
4.403864260 69632
4.405888118 69632
4.408353932 69632
4.411038404 69632
4.413371705 69632
4.415645569 69632
4.418358949 69632
4.420869769 69632
4.422827136 69632
4.425221797 69632
4.428829800 69632
4.431824040 69632
4.432839410 69632
4.435361319 69632
4.437655404 69632
4.439894138 69632
4.442290894 69632
4.444923922 69632
4.447299625 71168
4.449804382 71168
4.452298040 71168
4.454296841 71168
4.456768321 71168
4.459619180 71168
4.461612126 71168
4.463987540 71168
4.466474956 71168
4.468955088 71168
4.471533023 71168
4.473977992 71168
4.476542039 71168
4.478946807 71168
4.480950509 71168
4.483296916 71168
4.485972483 71168
4.488532258 71168
4.490915030 71168
4.493003249 71168
4.495936865 71168
4.498014265 71168
4.500411080 71168
4.503057191 71168
4.505391421 71168
4.507912661 72192
4.510399043 72192
4.512896922 72192
4.514874383 72192
4.517411738 72192
4.519659758 72192
4.522374879 72192
4.524987685 72192
4.527372508 72192
4.529969202 72192
4.531851029 72192
4.534490423 72192
4.536849301 72192
4.539476736 72192
4.541844234 72192
4.544502691 72192
4.546839460 72192
4.548486067 72192
4.551339633 72192
4.553935711 72192
4.556327725 72192
4.558867940 72192
4.561803994 72192
4.563318436 72192
4.565805887 72192
4.568326687 73728
4.570798623 73728
4.573301962 73728
4.575803396 73728
4.578289725 73728
4.580249640 73728
4.582788696 73728
4.585280757 73728
4.587794985 73728
4.590300504 73728
4.592772786 73728
4.595376550 73728
4.597591187 73728
4.599754593 73728
4.602272177 73728
4.604657933 73728
4.607281331 73728
4.608977754 73728
4.612292591 73728
4.614132351 73728
4.616734053 73728
4.619224464 73728
4.621798939 73728
4.624247123 73728
4.626222120 73728
4.628711356 73728
4.630982841 75264
4.633709990 75264
4.636230542 75264
4.638703700 75264
4.641275960 75264
4.643560232 75264
4.645494331 75264
4.648264213 75264
4.650681754 75264
4.653927533 75264
4.655673337 75264
4.658190850 75264
4.660688834 75264
4.662710524 75264
4.665149801 75264
4.667654516 75264
4.670149751 75264
4.672664524 75264
4.675133751 75264
4.677647179 75264
4.679636558 75264
4.682132499 75264
4.684618284 75264
4.687281503 75264
4.689201737 75264
4.691791594 75264
4.694270990 76800
4.696763893 76800
4.699287336 76800
4.701752736 76800
4.704276925 76800
4.706241827 76800
4.708752396 76800
4.711205145 76800
4.713744878 76800
4.716266810 76800
4.718736266 76800
4.720731377 76800
4.723242764 76800
4.725742715 76800
4.728230658 76800
4.730719512 76800
4.733203089 76800
4.735540236 76800
4.738052797 76800
4.740548283 76800
4.743038917 76800
4.745012386 76800
4.747628881 76800
4.750121344 76800
4.752617274 76800
4.755118214 76800
4.757128698 76800
4.760520949 78336
4.761854267 78336
4.764520448 78336
4.767032704 78336
4.769525779 78336
4.772030259 78336
4.774530444 78336
4.776510411 78336
4.779011512 78336
4.781498348 78336
4.784022214 78336
4.786518988 78336
4.789007629 78336
4.791497386 78336
4.793495371 78336
4.795979929 78336
4.798474470 78336
4.800849207 78336
4.803472393 78336
4.805982598 78336
4.808456484 78336
4.810459834 78336
4.812959104 78336
4.815465630 78336
4.817739158 78336
4.820435397 78336
4.822944748 78336
4.824925570 79872
4.827448116 79872
4.829924807 79872
4.832430140 79872
4.834914759 79872
4.837450852 79872
4.839935859 79872
4.841905914 79872
4.844426355 79872
4.846903402 79872
4.849412273 79872
4.851899146 79872
4.854395972 79872
4.856663600 79872
4.858882870 79872
4.861397986 79872
4.863867442 79872
4.866406039 79872
4.868886109 79872
4.871358186 79872
4.873871452 79872
4.875864269 79872
4.878349490 79872
4.880856926 79872
4.883339927 79872
4.885845145 79872
4.888354499 79872
4.890363697 79872
4.892855951 81408
4.895318769 81408
4.897848427 81408
4.900153058 81408
4.902811641 81408
4.905329719 81408
4.907325177 81408
4.909820042 81408
4.912309520 81408
4.914804517 81408
4.917322737 81408
4.919793283 81408
4.922296779 81408
4.924295240 81408
4.926790317 81408
4.929281443 81408
4.931778727 81408
4.934261648 81408
4.936769209 81408
4.939282507 81408
4.941288876 81408
4.943758147 81408
4.946255392 81408
4.948769549 81408
4.951238592 81408
4.953742593 81408
4.956257700 81408
4.958232663 81408
4.961727577 82432
4.963241348 82432
4.965738343 82432
4.968364939 82432
4.970351386 82432
4.975375143 82432
4.976335294 82432
4.977819521 82432
4.980347159 82432
4.982828249 82432
4.984813419 82432
4.987189887 82432
4.989805187 82432
4.992347978 82432
4.994618023 82432
4.996866269 82432
5.000027970 82432
5.001798945 82432
5.004308381 82432
5.006804773 82432
5.009275741 82432
5.011582781 82432
5.014273686 82432
5.016765082 82432
5.019548648 82432
5.021262057 82432
5.023743573 82432
5.026239655 82432
5.028743406 82432
5.031230630 83968
5.033042339 83968
5.035466418 83968
5.038253129 83968
5.040744167 83968
5.043248138 83968
5.045732680 83968
5.048252953 83968
5.050720349 83968
5.052707724 83968
5.055201822 83968
5.057701468 83968
5.060209329 83968
5.062683115 83968
5.065194284 83968
5.067197224 83968
5.069692723 83968
5.072176115 83968
5.074676330 83968
5.077184091 83968
5.079689910 83968
5.082143052 83968
5.084199172 83968
5.086645015 83968
5.089156553 83968
5.091576372 83968
5.094135325 83968
5.096735029 83968
5.099138739 83968
5.100978729 85504
5.103627687 85504
5.105882036 85504
5.108619007 85504
5.111222884 85504
5.113114874 85504
5.116262994 85504
5.118104892 85504
5.120725281 85504
5.123099299 85504
5.125604865 85504
5.128114345 85504
5.130606519 85504
5.132578828 85504
5.135111248 85504
5.137580654 85504
5.140094374 85504
5.142585965 85504
5.144473841 85504
5.147091610 85504
5.149556801 85504
5.152093215 85504
5.154552245 85504
5.157064183 85504
5.159551622 85504
5.161999703 85504
5.164540659 85504
5.166549502 85504
5.169029366 85504
5.171532033 85504
5.174014130 87040
5.176523884 87040
5.179008587 87040
5.181036126 87040
5.183511761 87040
5.186003632 87040
5.188506948 87040
5.191021398 87040
5.193507443 87040
5.196019819 87040
5.200372103 87040
5.202220251 87040
5.202979350 87040
5.205481009 87040
5.208481002 87040
5.211309737 87040
5.213009804 87040
5.216475568 87040
5.217451780 87040
5.219992002 87040
5.225338165 87040
5.226497204 87040
5.228940038 87040
5.232944792 87040
5.233935235 87040
5.236437487 87040
5.238366428 87040
5.242424769 87040
5.243415014 87040
5.245919039 87040
5.248423539 88576
5.250408996 88576
5.253414067 88576
5.255438594 88576
5.257673237 88576
5.260898477 88576
5.262895004 88576
5.265414484 88576
5.267889736 88576
5.270769567 88576
5.272433322 88576
5.274891930 88576
5.278903369 88576
5.279860650 88576
5.282375625 88576
5.285858765 88576
5.288355027 88576
5.289719739 88576
5.292287659 88576
5.294842510 88576
5.296837752 88576
5.300848480 88576
5.301831249 88576
5.304221739 88576
5.306830956 88576
5.309368402 88576
5.311201584 88576
5.314050608 88576
5.317175488 88576
5.322301031 88576
5.323833438 88576
5.327451424 90112
5.328310137 90112
5.330784401 90112
5.333279407 90112
5.337873378 90112
5.338263906 90112
5.341104183 90112
5.344281551 90112
5.345660720 90112
5.348493038 90112
5.351758688 90112
5.353306346 90112
5.358249648 90112
5.359246980 90112
5.362238073 90112
5.363789452 90112
5.367469748 90112
5.369237286 90112
5.371225594 90112
5.375216732 90112
5.376241922 90112
5.378595719 90112
5.381235763 90112
5.383707586 90112
5.386329077 90112
5.388218508 90112
5.393312750 90112
5.394191626 90112
5.398684780 90112
5.400256585 90112
5.402110810 90112
5.405509391 91648
5.407368022 91648
5.409661296 91648
5.412660523 91648
5.415210613 91648
5.417661731 91648
5.419117281 91648
5.421646557 91648
5.425139753 91648
5.426642808 91648
5.428923396 91648
5.431632130 91648
5.434130078 91648
5.439861643 91648
5.441196854 91648
5.443617447 91648
5.445759109 91648
5.448127539 91648
5.450442418 91648
5.453594953 91648
5.455593207 91648
5.458088061 91648
5.461037355 91648
5.462577620 91648
5.465079125 91648
5.466584140 90112
5.467572939 88576
5.469074705 88576
5.470069611 87040
5.471102220 87040
5.472567996 85504
5.473588279 85504
5.474898350 84480
5.476081906 84480
5.477565553 82944
5.478558792 82944
5.479397523 81408
5.481055444 81408
5.482047168 79872
5.483476708 79872
5.486063924 78336
5.488056500 76800
5.490321046 75776
5.493033533 74240
5.495364081 72704
5.498028452 71168
5.500523870 69632
5.502504406 68096
5.505045487 67072
5.507512498 65536
5.509858675 64000
5.512537882 62464
5.515000812 60928
5.517513162 59392
5.519489739 58368
5.521842239 56832
5.524489586 55296
5.527011573 53760
5.529478044 52224
5.531987562 50688
5.534471209 49664
5.536487831 48128
5.538880521 46592
5.540475627 46080
5.541471859 45056
5.542895847 43520
5.544015091 43520
5.544947906 42496
5.546455023 42496
5.547470923 40960
5.548945370 40960
5.549943372 39424
5.551474496 39424
5.552471044 37888
5.553438506 37888
5.554938951 36352
5.555980418 36352
5.556981282 34816
5.558430709 34816
5.560958499 33792
5.563425007 32256
5.565921347 30720
5.567959416 29184
5.570412118 27648
5.572930943 26112
5.575409336 25088
5.577929826 23552
5.580417163 23040
5.582923078 23040
5.584891941 23040
5.587394218 23040
5.589883242 23040
5.592395098 23040
5.594701778 23040
5.597376118 23040
5.599880568 24576
5.601865211 24576
5.604368221 24576
5.606857136 24576
5.611351285 24576
5.611858781 24576
5.614347413 24576
5.616686892 24576
5.618845314 24576
5.621469416 26112
5.623836425 26112
5.626886909 26112
5.628823548 26112
5.631329954 26112
5.633093027 26112
5.635853431 26112
5.638329400 26112
5.640811971 26112
5.643311769 27648
5.645907467 27648
5.647866350 27648
5.650325261 27648
5.652798710 27648
5.655070429 27648
5.657796132 27648
5.660416117 27648
5.662772393 27648
5.664859791 27648
5.667259598 29184
5.669859153 29184
5.672275700 29184
5.674858080 29184
5.677265870 29184
5.679338497 29184
5.682264492 29184
5.684423066 29184
5.686732873 29184
5.689299666 29184
5.691727391 30720
5.694259579 30720
5.696720816 30720
5.698736600 30720
5.701210634 30720
5.703717237 30720
5.706002106 30720
5.708530812 30720
5.710821280 30720
5.713526227 30720
5.716187016 30720
5.718507746 32256
5.721115857 32256
5.722996033 32256
5.725650146 32256
5.728039483 32256
5.730516048 32256
5.732982734 32256
5.735488530 32256
5.737993255 32256
5.740014935 32256
5.742466866 32256
5.744977896 33280
5.747467062 33280
5.749971100 33280
5.752498056 33280
5.754286591 33280
5.756998776 33280
5.759454364 33280
5.761314315 33280
5.764496091 33280
5.766463603 33280
5.769357301 33280
5.771474808 33280
5.774151310 34816
5.775954254 34816
5.778952754 34816
5.781419392 34816
5.783956994 34816
5.786443638 34816
5.788237321 34816
5.790716520 34816
5.793188915 34816
5.796357406 34816
5.797891428 34816
5.800928896 34816
5.803389696 34816
5.805397032 36352
5.807754842 36352
5.810239958 36352
5.812909919 36352
5.815356629 36352
5.817381024 36352
5.819862684 36352
5.822362531 36352
5.824889616 36352
5.827357272 36352
5.829852508 36352
5.832414020 36352
5.834360428 36352
5.836836167 37888
5.839025117 37888
5.841642405 37888
5.844479932 37888
5.846817928 37888
5.849419756 37888
5.851315456 37888
5.853933086 37888
5.856328731 37888
5.858888694 37888
5.861298888 37888
5.863892741 37888
5.866316021 37888
5.868931573 37888
5.870776779 39424
5.873368657 39424
5.875774369 39424
5.878393795 39424
5.880775271 39424
5.883285101 39424
5.885250572 39424
5.887769088 39424
5.890259807 39424
5.892754006 39424
5.895346486 39424
5.897750110 39424
5.899812936 39424
5.902225036 39424
5.904742878 40960
5.907317012 40960
5.909735068 40960
5.911817381 40960
5.914708362 40960
5.916718235 40960
5.919193635 40960
5.921694730 40960
5.924338264 40960
5.926689488 40960
5.929209010 40960
5.931681757 40960
5.933698884 40960
5.936209479 40960
5.938680391 40960
5.941177682 42496
5.943678437 42496
5.945937975 42496
5.948184421 42496
5.951003744 42496
5.953159387 42496
5.955742989 42496
5.958142293 42496
5.961173683 42496
5.963147892 42496
5.965171378 42496
5.967624629 42496
5.970477187 42496
5.972461087 42496
5.974967276 42496
5.977459068 44032
5.979985873 44032
5.982436420 44032
5.985016275 44032
5.987029386 44032
5.989505940 44032
5.992036880 44032
5.994501276 44032
5.997003056 44032
5.999164682 44032
6.001757385 44032
6.004019201 44032
6.006487220 44032
6.008977363 44032
6.011177794 44032
6.013985940 44032
6.016499712 45568
6.020058095 45568
6.021494701 45568
6.023454015 45568
6.025952948 45568
6.028447805 45568
6.030950620 45568
6.033446269 45568
6.035432482 45568
6.037929411 45568
6.040239937 45568
6.042921891 45568
6.045420080 45568
6.047677751 45568
6.050411621 45568
6.052409896 45568
6.054908885 47104
6.057401477 47104
6.059829812 47104
6.062268614 47104
6.064898437 47104
6.067406481 47104
6.069402821 47104
6.071887232 47104
6.074426358 47104
6.076553092 47104
6.079381746 47104
6.081874773 47104
6.083865262 47104
6.086365931 47104
6.090894889 47104
6.092305280 47104
6.094893936 47104
6.097347657 48640
6.099680623 48640
6.101837176 48640
6.104113195 48640
6.106825395 48640
6.109322282 48640
6.111821020 48640
6.114314942 48640
6.116818645 48640
6.118804385 48640
6.121299507 48640
6.123795017 48640
6.126350367 48640
6.128789608 48640
6.131294553 48640
6.133794490 48640
6.135775443 48640
6.138286259 50176
6.140768952 50176
6.143314698 50176
6.145783006 50176
6.148288053 50176
6.150900022 50176
6.152764071 50176
6.155349055 50176
6.160741688 50176
6.160755266 50176
6.162303425 50176
6.165239207 50176
6.167326784 50176
6.169750476 50176
6.172264968 50176
6.174832337 50176
6.177225162 50176
6.179855899 50176
6.182212873 51712
6.184258276 51712
6.186704239 51712
6.189205813 51712
6.191803293 51712
6.194190427 51712
6.196706280 51712
6.199187648 51712
6.201187733 51712
6.203673268 51712
6.206358966 51712
6.208880063 51712
6.210872762 51712
6.213365116 51712
6.215860553 51712
6.218345317 51712
6.220837126 51712
6.223348615 51712
6.225825538 53248
6.227841993 53248
6.230313545 53248
6.232819974 53248
6.235270779 53248
6.237814148 53248
6.240343983 53248
6.242807223 53248
6.244807008 53248
6.247334863 53248
6.249798449 53248
6.252247326 53248
6.255307567 53248
6.257285340 53248
6.259688074 53248
6.261772044 53248
6.264072117 53248
6.266955137 53248
6.269265232 53248
6.271785831 54784
6.274257069 54784
6.277111155 54784
6.278750958 54784
6.281245961 54784
6.283763658 54784
6.286246586 54784
6.288795697 54784
6.290999322 54784
6.293228508 54784
6.295651466 54784
6.298219294 54784
6.300717907 54784
6.303221003 54784
6.305713381 54784
6.308027231 54784
6.310202061 54784
6.312698128 54784
6.315194839 54784
6.317713447 56320
6.320210513 56320
6.322685249 56320
6.325211881 56320
6.327178927 56320
6.329526206 56320
6.332668401 56320
6.334665742 56320
6.337166145 56320
6.339425577 56320
6.341668975 56320
6.344069304 56320
6.347148046 56320
6.349150756 56320
6.351667012 56320
6.354141883 56320
6.356688870 56320
6.358619573 56320
6.361634493 56320
6.363618574 56320
6.366132962 57344
6.368605151 57344
6.371256542 57344
6.373056886 57344
6.375693389 57344
6.378207454 57344
6.380688695 57344
6.383197618 57344
6.385695404 57344
6.387687363 57344
6.390172340 57344
6.392673988 57344
6.395003558 57344
6.397665620 57344
6.400191854 57344
6.402682644 57344
6.404662112 57344
6.407155643 57344
6.409658275 57344
6.412150336 57344
6.414645975 58880
6.417150354 58880
6.419648971 58880
6.421643113 58880
6.424133671 58880
6.426631020 58880
6.429119277 58880
6.431619305 58880
6.433991144 58880
6.436613891 58880
6.438624918 58880
6.441126681 58880
6.443616040 58880
6.446090936 58880
6.448595646 58880
6.451111696 58880
6.453087359 58880
6.455595668 58880
6.458073645 58880
6.460810487 58880
6.462728049 58880
6.465317187 60416
6.467806210 60416
6.470296017 60416
6.473276235 60416
6.475280270 60416
6.477697448 60416
6.479772572 60416
6.482284071 60416
6.484757730 60416
6.487271069 60416
6.489752434 60416
6.492275526 60416
6.494747614 60416
6.496750821 60416
6.499236075 60416
6.501739439 60416
6.504042615 60416
6.506726464 60416
6.509539462 60416
6.511228450 60416
6.513731070 60416
6.516270917 61952
6.518715456 61952
6.521215177 61952
6.523710032 61952
6.526088607 61952
6.528241476 61952
6.530787088 61952
6.533198394 61952
6.535686755 61952
6.538340041 61952
6.540345363 61952
6.542823698 61952
6.545326150 61952
6.547854362 61952
6.550331727 61952
6.552803770 61952
6.555343761 61952
6.557296300 61952
6.559802310 61952
6.562286633 61952
6.564794086 61952
6.567084583 61952
6.569783541 63488
6.571784333 63488
6.574276495 63488
6.576777214 63488
6.579274413 63488
6.581761045 63488
6.584289512 63488
6.586767441 63488
6.588787172 63488
6.591273165 63488
6.593780739 63488
6.596267006 63488
6.598748765 63488
6.601231155 63488
6.603743906 63488
6.605729051 63488
6.608630047 63488
6.610622279 63488
6.613112888 63488
6.615639913 63488
6.617922024 63488
6.620598124 63488
6.623112626 65024
6.625091141 65024
6.627593485 65024
6.630102912 65024
6.632606394 65024
6.635087889 65024
6.637599145 65024
6.640104773 65024
6.642075934 65024
6.644563740 65024
6.647067111 65024
6.649567573 65024
6.652071538 65024
6.654572013 65024
6.657046133 65024
6.659050775 65024
6.661364625 65024
6.664055406 65024
6.666547004 65024
6.669035925 65024
6.671035943 65024
6.673514361 65024
6.676125722 65024
6.678509345 66560
6.681018743 66560
6.683514974 66560
6.686001875 66560
6.688489023 66560
6.690542797 66560
6.692998712 66560
6.695519945 66560
6.698041847 66560
6.700432887 66560
6.702833370 66560
6.705483792 66560
6.707471035 66560
6.710969342 66560
6.712463985 66560
6.714970314 66560
6.717467775 66560
6.720003987 66560
6.721968655 66560
6.724314809 66560
6.726942424 66560
6.729443758 66560
6.732209100 66560
6.734159164 68096
6.736440855 68096
6.739431958 68096
6.741382749 68096
6.743790330 68096
6.746270611 68096
6.748726553 68096
6.751273130 68096
6.753410524 68096
6.755896164 68096
6.758398771 68096
6.760887741 68096
6.763431605 68096
6.766416315 68096
6.768416491 68096
6.770629712 68096
6.772693243 68096
6.775150440 68096
6.777721125 68096
6.780188571 68096
6.782859760 68096
6.785388111 68096
6.787853476 68096
6.789864183 68096
6.792347456 69632
6.794842564 69632
6.797358563 69632
6.799833183 69632
6.802334640 69632
6.804326428 69632
6.807110244 69632
6.809335497 69632
6.811819603 69632
6.814128520 69632
6.816810224 69632
6.819421518 69632
6.821302146 69632
6.823903985 69632
6.825909146 69632
6.828811126 69632
6.831283818 69632
6.833806436 69632
6.836289613 69632
6.838398350 69632
6.840761998 69632
6.843281161 69632
6.845763305 69632
6.848329749 69632
6.850749652 70656
6.852753624 70656
6.855336234 70656
6.857762319 70656
6.860357261 70656
6.862739344 70656
6.865354341 70656
6.867723995 70656
6.870376152 70656
6.872251192 70656
6.874810395 70656
6.877232586 70656
6.879782955 70656
6.882243537 70656
6.884349230 70656
6.886732842 70656
6.889333145 70656
6.891723247 70656
6.894254721 70656
6.896721298 70656
6.898735004 70656
6.901210869 70656
6.904117458 70656
6.906079516 70656
6.908493591 70656
6.911076901 72192
6.913486263 72192
6.916028074 72192
6.918513417 72192
6.921005066 72192
6.923458608 72192
6.925461027 72192
6.928110431 72192
6.930457098 72192
6.933072903 72192
6.935439134 72192
6.937956895 72192
6.940234662 72192
6.942267431 72192
6.944967356 72192
6.947430149 72192
6.949934699 72192
6.952430133 72192
6.955003876 72192
6.957416822 72192
6.959361481 72192
6.961928903 72192
6.964428675 72192
6.966703242 72192
6.969424845 72192
6.971149835 73728
6.973931916 73728
6.976210449 73728
6.978953663 73728
6.981397385 73728
6.983891926 73728
6.986370208 73728
6.988455010 73728
6.990866087 73728
6.993205404 73728
6.995855604 73728
6.998360467 73728
7.000857774 73728
7.003309185 73728
7.005371512 73728
7.007852334 73728
7.010358016 73728
7.012862095 73728
7.015172042 73728
7.017828490 73728
7.020165033 73728
7.022423412 73728
7.024814830 73728
7.027325983 73728
7.029835294 73728
7.032339554 73728
7.034689605 75264
7.037334269 75264
7.039286539 75264
7.041812516 75264
7.044349300 75264
7.046490986 75264
7.049270999 75264
7.051793768 75264
7.054291408 75264
7.056793218 75264
7.058757256 75264
7.061757904 75264
7.063770883 75264
7.066273292 75264
7.068770902 75264
7.071254453 75264
7.073272632 75264
7.075739448 75264
7.077865287 75264
7.080737225 75264
7.083224947 75264
7.085724631 75264
7.088267331 75264
7.090207917 75264
7.092707854 75264
7.094785956 75264
7.098241821 76800
7.100230295 76800
7.102715896 76800
7.105194889 76800
7.107185331 76800
7.109685740 76800
7.112214708 76800
7.114688525 76800
7.117207688 76800
7.119669923 76800
7.121690883 76800
7.124180067 76800
7.126658229 76800
7.129113799 76800
7.131157742 76800
7.134150794 76800
7.136416430 76800
7.138669521 76800
7.141139983 76800
7.143644780 76800
7.146144897 76800
7.148628035 76800
7.151232480 76800
7.153116791 76800
7.155605098 76800
7.158109443 76800
7.160924559 76800
7.163111942 78336
7.165555506 78336
7.168099113 78336
7.170680388 78336
7.172583272 78336
7.175199895 78336
7.177614713 78336
7.180208041 78336
7.182564793 78336
7.185099207 78336
7.187574968 78336
7.189573086 78336
7.192076541 78336
7.194573110 78336
7.197042962 78336
7.199058120 78336
7.202135597 78336
7.204042235 78336
7.206642602 78336
7.209022339 78336
7.211582601 78336
7.214153804 78336
7.216552588 78336
7.218661028 78336
7.221017426 78336
7.223524892 78336
7.226122508 78336
7.228517186 79872
7.231107441 79872
7.233499528 79872
7.236113058 79872
7.237999420 79872
7.240598654 79872
7.243025963 79872
7.245587369 79872
7.248014173 79872
7.250594410 79872
7.252496303 79872
7.255083521 79872
7.257470760 79872
7.260965979 79872
7.263464125 79872
7.264463988 79872
7.266968769 79872
7.269443313 79872
7.271972321 79872
7.274435938 79872
7.277030147 79872
7.279545746 79872
7.282039646 79872
7.283902241 79872
7.286308867 79872
7.289013193 79872
7.291583309 79872
7.294011745 79872
7.296519245 80896
7.299012856 80896
7.301006033 80896
7.303488575 80896
7.305981893 80896
7.308483678 80896
7.311006920 80896
7.313496539 80896
7.315655530 80896
7.318968299 80896
7.320514615 80896
7.322573834 80896
7.325345357 80896
7.327771972 80896
7.330452420 80896
7.332447021 80896
7.336008895 80896
7.338438969 80896
7.340934459 80896
7.342882849 80896
7.345942942 80896
7.347945151 80896
7.350436318 80896
7.352919744 80896
7.355436056 80896
7.357907917 80896
7.360325374 80896
7.362918028 80896
7.364895153 82432
7.367389893 82432
7.369902707 82432
7.372386499 82432
7.374893978 82432
7.376952445 82432
7.379409072 82432
7.381884901 82432
7.384375689 82432
7.387187609 82432
7.389132167 82432
7.391778593 82432
7.394230480 82432
7.396781629 82432
7.398786603 82432
7.401256055 82432
7.403765272 82432
7.406251283 82432
7.408758399 82432
7.411244668 82432
7.413743132 82432
7.415762971 82432
7.418250551 82432
7.420750730 82432
7.422558706 82432
7.425744796 82432
7.428231030 82432
7.430731252 82432
7.432711054 82432
7.435215729 83968
7.437748257 83968
7.440224356 83968
7.442711899 83968
7.445192461 83968
7.447707152 83968
7.449703644 83968
7.452551791 83968
7.454534872 83968
7.457287299 83968
7.459796818 83968
7.461803251 83968
7.464290925 83968
7.466772844 83968
7.469275746 83968
7.471757183 83968
7.474267030 83968
7.476755289 83968
7.478787036 83968
7.481242643 83968
7.483560804 83968
7.485857648 83968
7.488540384 83968
7.491090946 83968
7.493560968 83968
7.496062949 83968
7.498543620 83968
7.500321512 83968
7.503032020 83968
7.505536847 85504
7.508055107 85504
7.510519118 85504
7.512922989 85504
7.515007723 85504
7.517292211 85504
7.520014136 85504
7.522519171 85504
7.524987147 85504
7.527495903 85504
7.529981768 85504
7.531999065 85504
7.534335683 85504
7.536866700 85504
7.539484107 85504
7.541494405 85504
7.544625139 85504
7.546464706 85504
7.548960058 85504
7.551540808 85504
7.554014994 85504
7.556468213 85504
7.558944495 85504
7.562439706 85504
7.563981150 85504
7.565965240 85504
7.569439769 85504
7.570934776 85504
7.573431629 85504
7.575585810 85504
7.578255919 87040
7.580758938 87040
7.582724558 87040
7.585405605 87040
7.587959894 87040
7.590426496 87040
7.592952455 87040
7.595264407 87040
7.597903374 87040
7.599882980 87040
7.602377844 87040
7.604862801 87040
7.607373217 87040
7.609862779 87040
7.612395224 87040
7.614350075 87040
7.616860548 87040
7.619343739 87040
7.622785687 87040
7.624326705 87040
7.626781996 87040
7.629276913 87040
7.631761185 87040
7.633782004 87040
7.636291057 87040
7.638796715 87040
7.641112760 87040
7.643799884 87040
7.646520040 87040
7.648359116 87040
7.650955442 88576
7.653317432 88576
7.655836908 88576
7.658331806 88576
7.660820855 88576
7.662799737 88576
7.665328497 88576
7.667602543 88576
7.670298430 88576
7.672895623 88576
7.675282679 88576
7.677882475 88576
7.679782806 88576
7.682057789 88576
7.684776922 88576
7.687091399 88576
7.689770555 88576
7.692403784 88576
7.694759879 88576
7.696877374 88576
7.699249595 88576
7.701839853 88576
7.704275389 88576
7.706735716 88576
7.709243593 88576
7.711521880 88576
7.713731994 88576
7.716174847 88576
7.718769132 88576
7.721312676 88576
7.723723290 88576
7.726304842 90112
7.728270260 90112
7.730700748 90112
7.733429775 90112
7.736027664 90112
7.737922061 90112
7.740423593 90112
7.742909455 90112
7.745495470 90112
7.747895620 90112
7.750001737 90112
7.752347905 90112
7.755348630 90112
7.757919009 90112
7.759933719 90112
7.762411197 90112
7.764882241 90112
7.766886571 90112
7.769928532 90112
7.771695331 90112
7.774388930 90112
7.776890439 90112
7.779357369 90112
7.781869005 90112
7.784356441 90112
7.786347048 90112
7.789352281 90112
7.791365474 90112
7.793346081 90112
7.796199666 90112
7.798852950 90112
7.801381461 91136
7.803317909 91136
7.805821205 91136
7.808325148 91136
7.810860305 91136
7.811846347 88576
7.813126313 87040
7.814297805 87040
7.815808971 85504
7.816801694 85504
7.818295051 84480
7.819300364 84480
7.820796094 82944
7.823285421 82944
7.823291087 81408
7.824298108 81408
7.825302831 79872
7.826274845 79872
7.827772539 78336
7.828769387 78336
7.831267529 76800
7.833767157 75776
7.836267326 74240
7.838765649 72704
7.841081027 71168
7.843249215 69632
7.845754046 68096
7.848256578 67072
7.850774774 65536
7.853284969 64000
7.855742623 62464
7.858137912 60928
7.860243786 59392
7.862712825 58368
7.865206478 56832
7.867732007 55296
7.870217093 53760
7.872709091 52224
7.875211615 50688
7.877197640 49664
7.879506602 48128
7.882179206 46592
7.901451091 45568
7.914115478 45568
7.917688030 45568
7.929744428 45568
7.932645633 45568
7.945433287 45568
7.947091882 45568
7.947436784 45568
7.961685071 45568
7.963274400 45568
7.963607148 45568
7.964067256 45568
7.978734725 45568
7.981531356 45568
7.984414144 45568
7.985005020 45568
7.986715488 47104
7.989652191 47104
7.990821531 47104
7.996940811 47104
8.010411178 47104
8.023372318 47104
8.025412989 47104
8.025944347 47104
8.042116365 47104
8.054482670 47104
8.057728551 47104
8.070131914 47104
8.073276682 47104
8.085664309 47104
8.088604267 47104
8.101248779 47104
8.104053289 47104
8.116845831 48640
8.119882639 48640
8.132448468 48640
8.135690838 48640
8.148129052 48640
8.150185978 48640
8.150791416 48640
8.152653551 48640
8.166790782 48640
8.167147671 48640
8.168361167 48640
8.180676303 48640
8.181892799 48640
8.183836742 48640
8.196324794 48640
8.196697429 48640
8.198775818 48640
8.212362978 50176
8.213428709 50176
8.225972198 50176
8.229917333 50176
8.230338144 50176
8.231328136 50176
8.234711213 50176
8.242523044 50176
8.244526629 50176
8.257116080 50176
8.257945559 50176
8.272733429 50176
8.275439398 50176
8.277358447 50176
8.289449942 50176
8.290191044 50176
8.292230754 50176
8.306065179 50176
8.307881646 51712
8.308768933 51712
8.320853602 51712
8.323074143 51712
8.336362394 51712
8.337773200 51712
8.339805433 51712
8.352203837 51712
8.352754880 51712
8.355463189 51712
8.367247103 51712
8.370055470 51712
8.370468284 51712
8.372251042 51712
8.397482407 51712
8.400386353 51712
8.413032757 51712
8.415558926 51712
8.428585096 53248
8.431113687 53248
8.444169525 53248
8.447080637 53248
8.459767331 53248
8.462582241 53248
8.463004866 53248
8.475342980 53248
8.477837259 53248
8.477851528 53248
8.485719548 53248
8.488251732 53248
8.494557058 53248
8.496274153 53248
8.506489501 53248
8.506512314 53248
8.508949860 53248
8.523307619 53248
8.523792908 53248
8.525235973 54784
8.539977318 54784
8.540317006 54784
8.553492200 54784
8.569470348 54784
8.570070593 54784
8.571808898 54784
8.584650253 54784
8.600364046 54784
8.607092200 54784
8.607642730 54784
8.616019858 54784
8.631543562 54784
8.632395750 54784
8.633318166 54784
8.646987366 54784
8.651323659 54784
8.662727025 54784
8.667696919 54784
8.678139913 56320
8.683493897 56320
8.694219609 56320
8.697100579 56320
8.697925033 56320
8.700280347 56320
8.701420782 56320
8.706709272 56320
8.709597418 56320
8.712253074 56320
8.724968361 56320
8.727237047 56320
8.727559572 56320
8.728874741 56320
8.730662208 56320
8.733151865 56320
8.743141792 56320
8.743682142 56320
8.747237440 56320
8.756083975 56320
8.757218166 57856
8.760955626 57856
8.771612649 57856
8.775242887 57856
8.775822290 57856
8.790760132 57856
8.802845968 57856
8.805764848 57856
8.818442161 57856
8.821519873 57856
8.834026443 57856
8.837050378 57856
8.849594962 57856
8.852471850 57856
8.865237579 57856
8.867039019 57856
8.867337773 57856
8.883811299 57856
8.896364407 57856
8.899232146 57856
8.912332990 59392
8.921054827 59392
8.927702470 59392
8.936274174 59392
8.938044927 59392
8.943114872 59392
8.944877346 59392
8.958680462 59392
8.960811334 59392
8.962481707 59392
8.977502624 59392
8.989994638 59392
8.996385780 59392
9.005878372 59392
9.012215423 59392
9.021396325 59392
9.022244652 59392
9.029278893 59392
9.044072379 59392
9.052423163 59392
9.056773392 59392
9.067926146 60416
9.072232676 60416
9.083533359 60416
9.087846359 60416
9.099134879 60416
9.103468154 60416
9.114860612 60416
9.119879040 60416
9.121388269 60416
9.123385760 60416
9.130325928 60416
9.130869996 60416
9.135241390 60416
9.138394450 60416
9.142711695 60416
9.146426771 60416
9.147643771 60416
9.150584686 60416
9.163576377 60416
9.164800460 60416
9.177418750 60416
9.192589320 61952
9.195873183 61952
9.210191110 61952
9.212794190 61952
9.213235839 61952
9.213246371 61952
9.223824612 61952
9.239388568 61952
9.244127382 61952
9.254955519 61952
9.255876446 61952
9.260178499 61952
9.275405407 61952
9.286152700 61952
9.290890540 61952
9.301914141 61952
9.310499676 61952
9.317542808 61952
9.321063456 61952
9.323962074 61952
9.324613269 61952
9.325000569 61952
9.330592050 63488
9.334129866 63488
9.348548949 63488
9.352576790 63488
9.366479425 63488
9.367674169 63488
9.368313241 63488
9.379631762 63488
9.395137174 63488
9.398277310 63488
9.410788170 63488
9.413886732 63488
9.426327954 63488
9.429554710 63488
9.430021683 63488
9.442068677 63488
9.457618380 63488
9.460980411 63488
9.473448994 63488
9.481433699 63488
9.489128257 63488
9.496123615 63488
9.504387041 65024
9.507728964 65024
9.520052431 65024
9.524438056 65024
9.524776067 65024
9.535553421 65024
9.536896253 65024
9.538137681 65024
9.541650542 65024
9.552036667 65024
9.552655260 65024
9.555522126 65024
9.567506517 65024
9.567821950 65024
9.570224743 65024
9.583627858 65024
9.598005962 65024
9.600918398 65024
9.613494759 65024
9.614589588 65024
9.616632127 65024
9.632084073 65024
9.644751848 65024
9.647742290 66560
9.660437006 66560
9.664585078 66560
9.675926975 66560
9.680095880 66560
9.680882906 66560
9.691524142 66560
9.707099155 66560
9.711267258 66560
9.725279585 66560
9.729491647 66560
9.738234159 66560
9.742411982 66560
9.753841937 66560
9.758006810 66560
9.769648710 66560
9.774836382 66560
9.785726016 66560
9.786600227 66560
9.790674198 66560
9.800558488 66560
9.804210419 66560
9.816172283 66560
9.819210208 68096
9.831759987 68096
9.834812725 68096
9.847345040 68096
9.850965448 68096
9.862978593 68096
9.864148586 68096
9.866836609 68096
9.881816309 68096
9.882181582 68096
9.894155055 68096
9.895896525 68096
9.898180894 68096
9.910834703 68096
9.911334875 68096
9.912569235 68096
9.925316067 68096
9.928554630 68096
9.940828619 68096
9.956466281 68096
9.957274783 68096
9.957861612 68096
9.972148463 68096
9.987734143 68096
9.989915388 69632
9.993009874 69632
10.003396221 69632
10.007703801 69632
10.019238294 69632
10.026139103 69632
10.034718921 69632
10.035439038 69632
10.041974537 69632
10.058348341 69632
10.065812131 69632
10.074412257 69632
10.081398247 69632
10.086462976 69632
10.096903531 69632
10.101683624 69632
10.102080029 69632
10.112497777 69632
10.128164005 69632
10.136858639 69632
10.143967108 69632
10.152802194 69632
10.159330126 69632
10.164329872 69632
10.174826049 71168
10.179849887 71168
10.191394792 71168
10.200093966 71168
10.201385129 71168
10.205948329 71168
10.210471411 71168
10.221845983 71168
10.226842272 71168
10.240251956 71168
10.245361804 71168
10.253021722 71168
10.261711886 71168
10.268732643 71168
10.272965701 71168
10.273894068 71168
10.274538027 71168
10.278352927 71168
10.283900280 71168
10.285198068 71168
10.285606982 71168
10.302486237 71168
10.304712325 71168
10.305977109 71168
10.318103000 71168
10.330683490 72192
10.334056364 72192
10.346371841 72192
10.349751057 72192
10.361880006 72192
10.364990111 72192
10.377471749 72192
10.380786355 72192
10.393498264 72192
10.396222010 72192
10.408784806 72192
10.416817541 72192
10.424397270 72192
10.431344018 72192
10.440027062 72192
10.446982711 72192
10.455551438 72192
10.457649413 72192
10.457976586 72192
10.458404067 72192
10.460333036 72192
10.464309499 72192
10.466156159 72192
10.473052656 72192
10.475633229 72192
10.476575344 73728
10.477475622 73728
10.488576041 73728
10.489104436 73728
10.491754799 73728
10.503717016 73728
10.518448231 73728
10.518780039 73728
10.520305736 73728
10.536207799 73728
10.549098959 73728
10.552172199 73728
10.564520203 73728
10.565029661 73728
10.565645903 73728
10.583309060 73728
10.595735001 73728
10.599422110 73728
10.611276490 73728
10.614142724 73728
10.626985477 73728
10.630016988 73728
10.642562860 73728
10.645561137 73728
10.658264556 73728
10.660971228 73728
10.673706912 75264
10.677380622 75264
10.689197129 75264
