1 37.3 37263 29410430 2236 3385304 282 422636 2079 3143294 2060 3115976 2044 3091752 2050 3100836 2035 3076678 1905 2879858 1932 2920736 1555 2354270
10
100
101 37.0 61112 48264852 3367 5097638 389 588946 3523 5333822 3412 5165768 3406 5155260 3341 5055410 3270 4947916 3286 4972140 3183 4814750 2775 4201350
102 37.3 56418 44526836 3169 4797866 433 651250 3016 4561912 3087 4669406 3031 4586070 3003 4543678 3524 5332472 2878 4352980 3157 4775386 2441 3695674
103 37.3 61461 48510642 3526 5338364 346 519532 3477 5259866 3386 5122092 3417 5170474 3354 5073644 3310 5007028 3144 4755704 3283 4967598 2732 4136248
104 37.3 18099 14272334 1327 2009078 153 227330 1023 1544510 1018 1538388 963 1455118 932 1406736 955 1441558 938 1415820 900 1359736 546 826644
105 39.9 61123 48240094 3525 5336850 182 271236 3389 5126634 3321 5025130 3369 5097802 3380 5113008 3264 4937384 3312 5011504 3231 4888870 2617 3962138
106 37.3 20332 16015032 1224 1853136 136 201592 1091 1647462 1084 1638312 1081 1633770 1220 1842768 1111 1677742 1103 1665630 1020 1539968 806 1220284
107
108 37.3 61110 48246740 3422 5180908 349 528386 3385 5124890 3241 4906874 3465 5244586 3169 4795002 3423 5179558 3245 4910066 3334 5044812 2855 4322470
109 37.3 15608 12286668 1046 1580772 421 633082 932 1406736 860 1299176 861 1300690 911 1376390 676 1019152 616 928312 640 964648 541 819074
11
110 37.0 60778 47969972 3321 5027994 379 568102 3420 5173568 3382 5117484 3308 5005448 3260 4931328 3248 4914608 3318 5020588 3279 4961542 2756 4172584
111 37.4 15213 11989830 1067 1614742 328 492280 938 1415820 831 1255270 889 1343082 547 823846 741 1117562 812 1225056 571 860182 426 644964
112 37.1 53845 42508642 3119 4721470 181 269722 3002 4540716 2868 4337840 2901 4389250 2919 4415054 3008 4549800 2934 4437764 3022 4572444 2359 3571526
113 37.4 16531 13019262 1223 1848750 156 231872 928 1400680 952 1438464 948 1432408 885 1335578 808 1219000 860 1299176 781 1179570 438 663132
114
115 37.3 60728 47937084 3340 5056760 341 516274 3303 4997870 3354 5075092 3211 4858590 3265 4938898 3314 5013084 3262 4935804 3347 5064494 2826 4278564
116 37.3 10096 7940224 682 1032548 271 405982 482 725436 537 808706 518 781388 528 796528 600 905536 409 616362 467 704174 390 590460
117 37.0 56637 44717774 3277 4961378 351 527102 3213 4860170 3220 4870768 3355 5076606 3319 5022102 2903 4392278 2773 4195458 2862 4330204 2548 3857672
118 37.2 51277 40463106 2955 4473174 116 171312 2983 4511950 2804 4242392 2907 4398334 2713 4103170 2785 4212178 2647 4004694 2702 4087964 2343 3547302
119
12
120 37.3 61591 48633946 3498 5295972 403 610142 3471 5252222 3681 5571610 3682 5571684 1912 2890456 3489 5278034 3475 5256838 3353 5072130 2937 4446618
121
122
123 37.3 60951 48131790 3416 5171128 376 569264 3558 5383940 3219 4870702 3453 5224978 3360 5082728 3179 4810142 3169 4795002 3143 4755638 2829 4283106
124 37.0 61105 48248270 3467 5249038 223 333310 3505 5302258 3478 5262828 3371 5100830 3512 5312856 3116 4713312 3253 4920730 3316 5017560 2635 3989390
125
126 37.2 40776 32188524 2470 3738884 296 448144 2313 3499010 2414 3651932 2083 3149350 2267 3429374 2311 3495990 2168 3279488 1723 2604310 1620 2452680
127 37.2 34108 26904224 1966 2976524 406 610372 1922 2905596 2038 3082668 1776 2686000 1793 2710290 1721 2601282 1776 2684552 1768 2673888 1619 2451166
128 37.4 47165 37235338 2752 4166528 145 215218 2524 3817024 2698 4080460 2432 3679184 2703 4088030 2610 3947228 2492 3768576 2546 3851780 2171 3286894
129 37.0 61037 48177830 3416 5171824 214 319684 3256 4925272 3429 5188642 3293 4982738 3368 5096288 3503 5299230 3343 5056990 3228 4882880 2768 4190752
13 37.0 60184 47524108 3357 5082498 322 487508 3364 5093096 3225 4881226 3270 4947916 3114 4710284 3404 5150792 3148 4763208 3409 5158362 2754 4169556
130 37.3 17017 13415602 1238 1874332 187 278806 954 1440044 830 1252308 936 1414240 832 1255336 844 1273504 776 1170552 830 1253756 670 1014380
131 37.0 61118 48238716 3557 5385298 232 346936 3437 5199306 3392 5131176 3392 5132624 3393 5132690 3330 5037308 3356 5076672 3270 4947916 2718 4115052
132
133 37.0 48786 38518340 2859 4328526 332 502648 2846 4305972 2776 4201440 2612 3951704 2665 4030498 2438 3686820 2819 4263654 2433 3679250 2110 3194540
134 37.0 61050 48205328 3488 5280832 209 312114 3525 5332538 3357 5078186 3407 5155334 3249 4914674 3413 5162970 3238 4899468 3175 4804086 2773 4198322
135
136
137
138
139
14 37.3 15483 12182830 910 1373428 173 257610 845 1275018 857 1293186 821 1238682 796 1202280 797 1203794 860 1299176 831 1255270 587 888718
140
15 37.2 52431 41396650 2926 4429964 417 627026 2956 4471072 2859 4325662 2899 4386222 2811 4251542 2879 4355942 2871 4343830 2686 4063740 2352 3560928
16
17
18
19
2
20
21
22
23 37.3 60362 47657956 3303 5000046 396 599544 3340 5053888 3230 4888796 3358 5081148 3302 4994916 3252 4920664 3207 4852534 3500 5296136 2698 4084772
24 37.2 35188 27753488 2096 3169776 414 622484 2038 3081220 2128 3217480 1944 2940352 2044 3091752 1657 2505834 1726 2610300 1690 2555796 1514 2292196
25 37.0 61041 48180042 3600 5450400 331 496822 3345 5060018 3390 5128148 3519 5324902 3228 4884328 3292 4979776 3242 4904076 3250 4917636 2678 4054492
26 37.2 26008 20522556 1742 2637388 226 339292 1416 2139512 1429 2160642 1522 2299996 1335 2016878 1344 2030504 1411 2133390 1303 1969878 906 1371684
27 37.2 37939 29929338 2291 3468574 126 186452 2077 3140266 2117 3202274 1989 3008482 2250 3403636 2019 3052454 1954 2954044 1973 2982810 1706 2582884
28 37.0 60065 47426466 3490 5283164 234 349964 3327 5032766 3426 5184100 3229 4885842 3358 5081148 3173 4801058 3131 4737470 3171 4798030 2793 4228602
29 37.2 36980 29173372 2314 3503396 200 298488 2120 3205368 2132 3224984 1933 2923698 1908 2884400 1902 2875316 1914 2894932 1978 2991828 1647 2493558
3 37.3 61561 48612550 3558 5386116 358 542012 3323 5028150 3584 5423312 3153 4769330 3524 5331024 3177 4807114 3158 4778348 3357 5079634 2794 4230116
30
31
32 37.0 61141 48268494 3166 4793324 226 342164 3482 5271748 3441 5209674 3507 5309598 3304 5002256 3332 5044648 3537 5355018 3068 4640640 2768 4190752
33
34 37.3 61517 48575370 3533 5348962 373 564722 3379 5112934 3270 4947916 3438 5202268 3231 4887422 3068 4640640 3521 5326482 3389 5126634 2770 4193780
35 37.0 61181 48306894 3505 5305874 278 418020 3414 5164484 3471 5250782 3340 5053896 3269 4944954 3373 5102410 3172 4798096 3474 5256772 2625 3974250
36 37.0 61203 48310102 3519 5327766 177 263666 3552 5373416 3401 5146250 3466 5244660 3281 4963122 3365 5090298 3213 4861618 3450 5220436 2682 4060548
37 37.2 11945 9410614 977 1478482 311 466542 659 993414 633 955498 694 1047852 588 885920 514 775332 525 791986 579 873742 346 520980
38 37.1 54977 43383602 3021 4568786 231 345422 2966 4486212 2978 4504380 3014 4560332 2911 4404390 3069 4643602 3310 5008476 2889 4369634 2656 4021184
39 37.0 59660 47103260 3331 5043134 424 637624 3399 5141774 3354 5073644 3433 5194698 3263 4937318 3310 5007028 3056 4622472 3061 4630042 2671 4043894
4 37.2 11560 9099832 694 1047844 157 233386 578 870780 622 937396 606 913172 596 899480 616 929760 615 928246 625 943386 422 638908
40 37.0 61209 48311670 3362 5090068 216 322712 3408 5155400 3505 5303706 3366 5093260 3074 4649724 3298 4988860 3485 5271978 3357 5079634 2754 4169556
41
42
43 37.2 34614 27329856 2087 3159718 291 440574 1835 2778190 1874 2835812 1872 2831344 1782 2693636 1807 2732934 1832 2770784 1861 2814690 1553 2351242
44 37.0 60621 47861830 3445 5212858 410 616428 3344 5058504 3185 4819226 3436 5199240 3246 4911580 3167 4791974 3392 5132624 3238 4898020 2820 4269480
45 37.2 32346 25529740 2069 3132466 170 257380 1702 2572516 1726 2610300 2017 3050874 1801 2722402 1650 2493788 1638 2477068 1560 2358976 1527 2311878
46
47
48
49 37.0 61206 48318008 3407 5158198 401 607114 3541 5361074 3462 5240044 3550 5371836 3320 5023616 3080 4658808 3060 4628528 3070 4643668 2718 4115052
5 37.0 61161 48290250 3606 5459484 226 337852 3482 5267436 3335 5044878 3337 5049354 3450 5218988 3193 4829890 3324 5028224 3286 4972140 2697 4083258
50
51 37.2 25821 20364006 1608 2434512 345 522330 1402 2119756 1542 2331724 1426 2154652 1260 1903328 1385 2094026 1474 2228772 1138 1718620 1037 1570018
52
53
54
55
56 37.0 61189 48319158 3222 4878108 223 337622 3649 5524586 3498 5295972 3264 4941696 3459 5236926 3294 4987116 3463 5242982 3208 4852600 2624 3972736
57 37.2 41357 32645202 2514 3806196 97 143986 2436 3683792 2333 3529298 2231 3374870 2225 3365786 2065 3122098 2153 3255330 2254 3408244 2059 3117326
58 37.9 30759 24252662 1779 2693406 174 259124 1689 2552834 1714 2590684 1659 2508862 1595 2411966 1691 2557310 1649 2492274 1589 2401434 1452 2198328
59
6 37.2 37523 29617654 2345 3549634 248 371160 2202 3329516 2112 3194704 2041 3087210 2048 3096360 1974 2984324 1927 2914614 1909 2887362 1581 2393634
60 37.3 61457 48529526 3738 5659332 480 726720 3403 5147830 3425 5182586 3482 5267436 3248 4914608 3395 5137166 3287 4973654 3159 4778414 2546 3854644
61 37.2 33122 26127660 1943 2941702 377 566466 1987 3004006 1857 2807186 2102 3179564 1905 2881306 1463 2210670 1493 2256090 1657 2504386 1450 2195300
62 37.3 61259 48368158 3424 5183936 205 306058 3629 5489994 3368 5096288 3510 5311276 3236 4894992 3337 5047906 3376 5106952 3199 4838974 2691 4074174
63 37.0 61135 48271302 3382 5120348 305 458898 3491 5281062 3284 4969112 3440 5205296 3392 5131176 3352 5070616 3376 5106952 3142 4754124 2657 4022698
64 37.0 61041 48178750 3418 5174852 269 402954 3420 5173568 3586 5424892 3326 5032700 3304 4997944 3379 5111494 3217 4866226 3246 4911580 2699 4086286
65
66 37.1 59029 46600566 3203 4848646 97 146858 3366 5096124 3239 4903846 3227 4884254 3255 4926646 3201 4842002 3236 4894992 3372 5100896 2681 4059034
67 37.0 61213 48310654 3374 5103228 482 725436 3574 5406724 3433 5194698 3436 5199240 3341 5055410 2937 4442306 3262 4934356 3434 5194764 2771 4195294
68 37.2 18258 14381436 1343 2033302 173 257610 1110 1676228 914 1380932 931 1406670 861 1299242 1003 1514230 872 1315896 990 1495996 499 755486
69
7 37.3 61616 48633336 3548 5371672 253 380170 3564 5391584 3372 5100896 3462 5238604 3429 5187194 3401 5144802 3250 4916188 3334 5044812 2618 3963652
70 37.0 59862 47278712 3263 4940182 392 593488 3416 5171824 3155 4776670 3332 5043224 3164 4785984 3241 4902562 3376 5108400 3103 4695078 2761 4180154
71
72
73
74 37.3 44608 35219228 2574 3896340 396 599544 2464 3727624 2378 3597428 2457 3717034 2387 3609606 2309 3491514 2291 3465710 2336 3533840 2029 3071906
75
76
77 37.2 24359 19209030 1488 2252832 288 436032 1396 2113544 1286 1947004 1437 2175618 1279 1932094 1124 1697424 1119 1689854 1589 2400738 795 1203630
78
79
8 37.3 14936 11755628 944 1425648 159 236414 928 1400680 759 1144814 815 1231046 755 1140206 779 1176542 817 1234074 670 1011516 584 884176
80 37.3 17804 14027760 1210 1831940 131 198334 1073 1624522 997 1506594 998 1508108 843 1271990 926 1397652 877 1323466 856 1293120 580 878120
81
82
83 37.0 61191 48321758 3418 5174852 346 523844 3312 5014368 3346 5065844 3354 5077956 3459 5232614 3326 5032700 3021 4569482 3368 5096288 2806 4248284
84 37.0 61172 48300796 3534 5350476 116 171312 3434 5194764 3371 5100830 3337 5049354 3323 5026710 3290 4976748 3327 5032766 3409 5158362 2817 4264938
85 37.2 50506 39855584 2970 4496580 391 587662 2851 4312102 2677 4050114 2867 4337774 2459 3718614 2840 4295448 2650 4007788 2518 3807940 2230 3376220
86
87
88 37.2 55404 43745168 3259 4934126 422 638908 3051 4619214 3080 4660256 2947 4457446 2980 4508856 3072 4648144 3012 4557304 2760 4174328 2700 4087800
89 37.0 61202 48305668 3797 5747962 512 770856 3835 5801878 3908 5913848 3550 5371836 2007 3034286 2030 3069108 3656 5530872 3359 5081214 3055 4625270
9 37.0 61197 48303818 3503 5303542 206 307572 3318 5019140 3367 5094774 3500 5296136 3354 5073644 3297 4987346 3240 4902496 3352 5072064 2780 4208920
90 37.3 61524 48575120 3449 5217474 501 754202 3406 5152372 3506 5305220 3249 4916122 3210 4855628 3184 4816264 3231 4888870 3369 5097802 2845 4307330
91
92
93
94
95 37.4 25133 19835286 1586 2401204 341 516274 1421 2148522 1383 2090998 1449 2190922 1276 1927552 1195 1806366 1363 2060718 1121 1692882 1077 1630578
96 37.0 61117 48238422 3452 5226328 115 169798 3393 5132690 3467 5246174 3301 4994850 3538 5353668 3260 4931328 3313 5011570 3208 4852600 2836 4293704
97 37.2 32015 25247402 2009 3041626 222 331796 1810 2736028 1731 2617870 1696 2564880 1786 2699692 1694 2560404 1648 2490760 1624 2455872 1418 2146852
98
99
