1478091094.314418,89326
1478091094.329679,90840
1478091094.335818,90840
1478091094.340971,89326
1478091094.345426,90840
1478091094.350384,92354
1478091094.355093,90840
1478091094.361029,90840
1478091094.365096,89326
1478091094.370474,90840
1478091094.376885,92354
1478091094.382789,90840
1478091094.387268,90840
1478091094.394291,92354
1478091094.400165,90840
1478091094.404158,90840
1478091094.409372,90840
1478091094.415391,92354
1478091094.424255,92354
1478091094.430104,92354
1478091094.434391,90840
1478091094.438772,90840
1478091094.443317,90840
1478091094.447781,90840
1478091094.454063,92354
1478091094.458103,90840
1478091094.462480,90840
1478091094.466488,90840
1478091094.471076,90840
1478091094.474981,90840
1478091094.480071,90840
1478091094.483621,90840
1478091094.488544,92354
1478091094.492183,90840
1478091094.496921,92354
1478091094.501715,90840
1478091094.508267,89326
1478091094.514135,92354
1478091094.518927,90840
1478091094.522797,90840
1478091094.527210,92354
1478091094.531713,90840
1478091094.536141,90840
1478091094.540222,90840
1478091094.544729,92354
1478091094.548856,90840
1478091094.553007,90840
1478091094.557704,92354
1478091094.561522,90840
1478091094.566693,90840
1478091094.572615,92354
1478091094.576788,90840
1478091094.581898,90840
1478091094.588251,90840
1478091094.594222,92354
1478091094.598616,90840
1478091094.602720,90840
1478091094.606901,92354
1478091094.610977,90840
1478091094.615195,90840
1478091094.619796,90840
1478091094.623484,90840
1478091094.628732,92354
1478091094.633113,90840
1478091094.637411,92354
1478091094.641962,90840
1478091094.646213,90840
1478091094.650090,90840
1478091094.654881,92354
1478091094.658918,90840
1478091094.663345,92354
1478091094.667606,90840
1478091094.671891,90840
1478091094.676369,90840
1478091094.680760,92354
1478091094.685443,90840
1478091094.691673,92354
1478091094.695543,90840
1478091094.700549,92354
1478091094.707092,90840
1478091094.713516,92354
1478091094.719832,92354
1478091094.724239,90840
1478091094.730968,92354
1478091094.736700,92354
1478091094.740556,92354
1478091094.744917,90840
1478091094.749291,90840
1478091094.754001,90840
1478091094.758073,90840
1478091094.762726,92354
1478091094.766630,90840
1478091094.772481,90840
1478091094.778309,90840
1478091094.784551,92354
1478091094.788460,90840
1478091094.793980,92354
1478091094.800141,92354
1478091094.805773,90840
1478091094.810122,90840
1478091094.815084,92354
1478091094.820791,90840
1478091094.825654,92354
1478091094.832111,92354
1478091094.838968,90840
1478091094.844549,92354
1478091094.849414,92354
1478091094.855931,92354
1478091094.862249,92354
1478091094.866457,90840
1478091094.871458,90840
1478091094.877825,92354
1478091094.884141,89326
1478091094.890067,92354
1478091094.894245,90840
1478091094.897921,90840
1478091094.902659,92354
1478091094.906528,90840
1478091094.910864,92354
1478091094.915795,90840
1478091094.919387,90840
1478091094.924827,92354
1478091094.928864,90840
1478091094.933484,92354
1478091094.937418,90840
1478091094.942045,90840
1478091094.946104,89326
1478091094.950575,90840
1478091094.954932,92354
1478091094.959179,90840
1478091094.963915,90840
1478091094.969955,92354
1478091094.974702,90840
1478091094.978990,90840
1478091094.985646,90840
1478091094.991585,90840
1478091094.995758,90840
1478091095.000112,92354
1478091095.005147,90840
1478091095.011041,92354
1478091095.015818,90840
1478091095.022047,92354
1478091095.026126,90840
1478091095.030287,92354
1478091095.036082,90840
1478091095.040357,90840
1478091095.045538,90840
1478091095.049107,90840
1478091095.054012,92354
1478091095.057572,90840
1478091095.062896,92354
1478091095.067741,90840
1478091095.073839,92354
1478091095.077936,90840
1478091095.082890,90840
1478091095.089326,92354
1478091095.095611,90840
1478091095.099864,90840
1478091095.103834,90840
1478091095.107879,90840
1478091095.113293,92354
1478091095.119890,90840
1478091095.125545,90840
1478091095.129763,90840
1478091095.134213,90840
1478091095.138786,92354
1478091095.142652,89326
1478091095.147248,90840
1478091095.151617,90840
1478091095.155650,90840
1478091095.161266,89326
1478091095.167360,90840
1478091095.173009,90840
1478091095.177577,90840
1478091095.180774,92354
1478091095.186143,90840
1478091095.189489,90840
1478091095.194743,92354
1478091095.198377,90840
1478091095.202409,92354
1478091095.207220,90840
1478091095.211569,92354
1478091095.215792,90840
1478091095.219573,90840
1478091095.224857,90840
1478091095.228804,89326
1478091095.233081,90840
1478091095.237011,90840
1478091095.242445,92354
1478091095.245428,92354
1478091095.250516,90840
1478091095.254190,90840
1478091095.259027,92354
1478091095.263655,89326
1478091095.268082,90840
1478091095.273340,90840
1478091095.279403,92354
1478091095.285481,92354
1478091095.290388,90840
1478091095.296812,90840
1478091095.302522,92354
1478091095.306829,90840
1478091095.310938,90840
1478091095.315789,92354
1478091095.319788,90840
1478091095.324245,90840
1478091095.328823,89326
1478091095.332721,90840
1478091095.337743,90840
1478091095.344192,90840
1478091095.349932,92354
1478091095.355318,90840
1478091095.360932,92354
1478091095.365478,90840
1478091095.369375,89326
1478091095.373618,89326
1478091095.378165,90840
1478091095.381924,92354
1478091095.386451,89326
1478091095.390437,89326
1478091095.394916,89326
1478091095.400144,92354
1478091095.407027,90840
1478091095.412988,92354
1478091095.416917,90840
1478091095.421633,92354
1478091095.425613,90840
1478091095.430448,92354
1478091095.436711,92354
1478091095.441629,90840
1478091095.447608,90840
1478091095.451417,89326
1478091095.456097,90840
1478091095.460238,92354
1478091095.464736,90840
1478091095.468802,90840
1478091095.473579,90840
1478091095.478073,90840
1478091095.483826,90840
1478091095.488989,90840
1478091095.494913,90840
1478091095.499143,89326
1478091095.503397,90840
1478091095.507325,90840
1478091095.512545,92354
1478091095.518486,92354
1478091095.522292,90840
1478091095.527116,90840
1478091095.530719,90840
1478091095.535635,92354
1478091095.539593,90840
1478091095.544743,92354
1478091095.548524,90840
1478091095.553321,90840
1478091095.557303,89326
1478091095.561735,90840
1478091095.566196,92354
1478091095.570291,90840
1478091095.575083,92354
1478091095.581548,92354
1478091095.587960,92354
1478091095.592982,90840
1478091095.599002,90840
1478091095.605027,90840
1478091095.609477,90840
1478091095.614168,90840
1478091095.620187,92354
1478091095.624540,90840
1478091095.628886,90840
1478091095.633167,90840
1478091095.637349,90840
1478091095.641979,90840
1478091095.645968,90840
1478091095.649361,90840
1478091095.654855,90840
1478091095.658660,90840
1478091095.663660,92354
1478091095.669260,90840
1478091095.673875,90840
1478091095.677825,90840
1478091095.682574,90840
1478091095.687720,90840
1478091095.693812,92354
1478091095.697852,90840
1478091095.702583,90840
1478091095.709003,92354
1478091095.715574,92354
1478091095.721432,92354
1478091095.726108,90840
1478091095.730042,89326
1478091095.734870,90840
1478091095.739012,92354
1478091095.743126,90840
1478091095.747542,90840
1478091095.752549,90840
1478091095.758956,90840
1478091095.765153,92354
1478091095.771426,92354
1478091095.775356,90840
1478091095.780045,92354
1478091095.784110,90840
1478091095.789035,90840
1478091095.794659,92354
1478091095.798428,92354
1478091095.803551,90840
1478091095.806969,90840
1478091095.812328,92354
1478091095.815779,90840
1478091095.821084,92354
1478091095.824424,90840
1478091095.829709,90840
1478091095.834182,89326
1478091095.838448,90840
1478091095.843446,92354
1478091095.848833,92354
1478091095.853619,90840
1478091095.857484,89326
1478091095.862327,90840
1478091095.868814,90840
1478091095.875392,90840
1478091095.882264,90840
1478091095.887818,90840
1478091095.892847,90840
1478091095.898739,92354
1478091095.902907,90840
1478091095.908023,90840
1478091095.914391,92354
1478091095.920361,90840
1478091095.924661,90840
1478091095.928882,90840
1478091095.933397,90840
1478091095.938081,90840
1478091095.943889,89326
1478091095.947543,89326
1478091095.952563,86298
1478091095.956132,84784
1478091095.961376,80242
1478091095.964701,77214
1478091095.970163,75700
1478091095.973378,77214
1478091095.978464,77214
1478091095.982486,80242
1478091095.986664,81756
1478091095.990937,81756
1478091095.995271,81756
1478091096.000156,83270
1478091096.003631,83270
1478091096.009459,84784
1478091096.015451,86298
1478091096.018678,86298
1478091096.024354,87812
1478091096.031765,89326
1478091096.037506,89326
1478091096.043750,90840
1478091096.048314,90840
1478091096.054862,90840
1478091096.061737,89326
1478091096.067571,89326
1478091096.073898,87812
1478091096.077716,87812
1478091096.082503,89326
1478091096.086790,87812
1478091096.091239,89326
1478091096.096105,87812
1478091096.101823,83270
1478091096.105783,80242
1478091096.110357,78728
1478091096.114716,75700
1478091096.118845,72672
1478091096.123179,71158
1478091096.130573,65102
1478091096.136476,65102
1478091096.140415,59046
1478091096.144822,57532
1478091096.148246,57532
1478091096.152685,51476
1478091096.157256,49962
1478091096.162209,46934
1478091096.165680,46934
1478091096.170742,39364
1478091096.175136,42392
1478091096.179524,42392
1478091096.183803,42392
1478091096.188045,42392
1478091096.192492,42392
1478091096.196818,42392
1478091096.201237,42392
1478091096.205163,43906
1478091096.210204,43906
1478091096.216421,43906
1478091096.220367,42392
1478091096.225519,45420
1478091096.231656,42392
1478091096.237583,42392
1478091096.242855,43906
1478091096.248622,45420
1478091096.252766,43906
1478091096.257611,45420
1478091096.264307,45420
1478091096.270195,45420
1478091096.274469,43906
1478091096.279200,45420
1478091096.284421,45420
1478091096.289131,43906
1478091096.294017,45420
1478091096.298133,46934
1478091096.302499,46934
1478091096.306039,45420
1478091096.311805,46934
1478091096.318006,46934
1478091096.324541,46934
1478091096.330363,46934
1478091096.335493,46934
1478091096.341735,48448
1478091096.345463,46934
1478091096.350099,48448
1478091096.354293,46934
1478091096.358889,48448
1478091096.363138,48448
1478091096.367164,48448
1478091096.371732,49962
1478091096.375962,49962
1478091096.380443,49962
1478091096.384525,49962
1478091096.389402,49962
1478091096.395533,48448
1478091096.399469,49962
1478091096.404363,49962
1478091096.408134,49962
1478091096.413387,49962
1478091096.419439,49962
1478091096.423206,51476
1478091096.427635,51476
1478091096.431171,51476
1478091096.436154,51476
1478091096.439796,51476
1478091096.444987,49962
1478091096.448525,51476
1478091096.453828,49962
1478091096.457776,51476
1478091096.462840,51476
1478091096.469377,51476
1478091096.475360,51476
1478091096.480022,52990
1478091096.484402,52990
1478091096.490251,52990
1478091096.495096,52990
1478091096.499323,51476
1478091096.503694,52990
1478091096.508368,52990
1478091096.514088,54504
1478091096.518573,52990
1478091096.522759,54504
1478091096.527162,54504
1478091096.531462,54504
1478091096.535909,54504
1478091096.540667,54504
1478091096.547051,54504
1478091096.553047,52990
1478091096.557360,54504
1478091096.562053,54504
1478091096.568011,54504
1478091096.572469,56018
1478091096.576363,56018
1478091096.580640,56018
1478091096.584900,56018
1478091096.589293,54504
1478091096.593221,56018
1478091096.598291,52990
1478091096.602763,56018
1478091096.607682,56018
1478091096.613994,56018
1478091096.620530,56018
1478091096.627718,57532
1478091096.633473,54504
1478091096.641569,54504
1478091096.645689,57532
1478091096.650613,57532
1478091096.654790,59046
1478091096.659500,57532
1478091096.666471,60560
1478091096.672221,57532
1478091096.676087,56018
1478091096.680985,57532
1478091096.687035,57532
1478091096.691346,59046
1478091096.695961,59046
1478091096.702738,59046
1478091096.708480,59046
1478091096.713487,59046
1478091096.718960,57532
1478091096.723100,59046
1478091096.727222,59046
1478091096.731910,57532
1478091096.736769,59046
1478091096.740167,59046
1478091096.745601,60560
1478091096.749501,59046
1478091096.754176,60560
1478091096.757912,60560
1478091096.762468,60560
1478091096.767123,60560
1478091096.771251,60560
1478091096.776302,60560
1478091096.781750,60560
1478091096.786378,59046
1478091096.790454,62074
1478091096.795303,62074
1478091096.802153,62074
1478091096.808459,60560
1478091096.814901,63588
1478091096.820957,62074
1478091096.825457,60560
1478091096.829344,62074
1478091096.833818,60560
1478091096.838580,62074
1478091096.843021,60560
1478091096.849258,63588
1478091096.853066,63588
1478091096.856990,63588
1478091096.861313,60560
1478091096.865424,60560
1478091096.870531,62074
1478091096.874348,62074
1478091096.878861,63588
1478091096.882581,63588
1478091096.888225,63588
1478091096.892540,63588
1478091096.898752,63588
1478091096.903035,63588
1478091096.907143,65102
1478091096.912189,65102
1478091096.918699,65102
1478091096.924758,65102
1478091096.929006,63588
1478091096.933376,65102
1478091096.937337,65102
1478091096.942463,65102
1478091096.948403,63588
1478091096.952582,63588
1478091096.957575,65102
1478091096.963233,65102
1478091096.967828,65102
1478091096.971963,66616
1478091096.976423,66616
1478091096.980629,66616
1478091096.985653,66616
1478091096.991558,66616
1478091096.995385,66616
1478091097.000168,66616
1478091097.004055,66616
1478091097.008372,66616
1478091097.012288,66616
1478091097.016795,65102
1478091097.021421,63588
1478091097.025479,66616
1478091097.031479,66616
1478091097.036955,68130
1478091097.042813,66616
1478091097.048291,68130
1478091097.054090,66616
1478091097.058322,66616
1478091097.063475,68130
1478091097.069093,68130
1478091097.073811,66616
1478091097.077641,68130
1478091097.082373,68130
1478091097.087747,68130
1478091097.110590,68130
1478091097.142147,68130
1478091097.146764,68130
1478091097.155662,71158
1478091097.160116,71158
1478091097.163672,72672
1478091097.172673,71158
1478091097.178911,71158
1478091097.183537,71158
1478091097.188606,71158
1478091097.194724,71158
1478091097.203410,71158
1478091097.207478,71158
1478091097.213469,71158
1478091097.218783,71158
1478091097.224732,72672
1478091097.229209,71158
1478091097.233155,72672
1478091097.237831,72672
1478091097.242294,72672
1478091097.246335,72672
1478091097.250919,72672
1478091097.254831,71158
1478091097.259567,72672
1478091097.263327,71158
1478091097.268624,74186
1478091097.276206,72672
1478091097.280694,72672
1478091097.285125,72672
1478091097.288902,74186
1478091097.293410,72672
1478091097.297465,74186
1478091097.302111,71158
1478091097.306541,74186
1478091097.310500,74186
1478091097.315375,74186
1478091097.318934,74186
1478091097.324034,71158
1478091097.328382,74186
1478091097.332397,72672
1478091097.336463,74186
1478091097.341039,72672
1478091097.345713,74186
1478091097.349432,74186
1478091097.354292,74186
1478091097.357704,74186
1478091097.362851,75700
1478091097.367080,74186
1478091097.372686,75700
1478091097.378686,75700
1478091097.384813,75700
1478091097.388778,74186
1478091097.393284,75700
1478091097.397238,74186
1478091097.402249,75700
1478091097.408989,77214
1478091097.414887,75700
1478091097.418869,74186
1478091097.423902,75700
1478091097.430198,75700
1478091097.434111,75700
1478091097.438883,77214
1478091097.443000,75700
1478091097.447265,77214
1478091097.451504,75700
1478091097.456184,78728
1478091097.460053,75700
1478091097.464280,77214
1478091097.468749,77214
1478091097.473353,77214
1478091097.476533,77214
1478091097.481469,74186
1478091097.485473,77214
1478091097.490158,74186
1478091097.493860,77214
1478091097.498439,75700
1478091097.502855,75700
1478091097.507735,78728
1478091097.512351,78728
1478091097.516538,77214
1478091097.521082,78728
1478091097.527874,80242
1478091097.533872,77214
1478091097.538268,78728
1478091097.544929,78728
1478091097.551347,78728
1478091097.557805,78728
1478091097.563634,77214
1478091097.569038,77214
1478091097.574660,80242
1478091097.578878,78728
1478091097.583446,80242
1478091097.587640,80242
1478091097.592418,80242
1478091097.599021,80242
1478091097.605165,80242
1478091097.608906,78728
1478091097.614009,80242
1478091097.620239,80242
1478091097.623849,80242
1478091097.628554,80242
1478091097.631975,80242
1478091097.637095,80242
1478091097.640758,80242
1478091097.646104,78728
1478091097.650523,80242
1478091097.656862,81756
1478091097.661938,81756
1478091097.668409,83270
1478091097.674315,81756
1478091097.680235,80242
1478091097.684953,80242
1478091097.689138,81756
1478091097.693522,81756
1478091097.697714,81756
1478091097.702016,81756
1478091097.706938,83270
1478091097.712971,78728
1478091097.717262,81756
1478091097.722244,83270
1478091097.727844,83270
1478091097.732237,83270
1478091097.736454,81756
1478091097.740846,83270
1478091097.745073,83270
1478091097.749756,83270
1478091097.753995,83270
1478091097.758678,83270
1478091097.764907,81756
1478091097.768029,84784
1478091097.773519,83270
1478091097.777261,81756
1478091097.781137,83270
1478091097.785339,81756
1478091097.790506,80242
1478091097.794903,80242
1478091097.799257,81756
1478091097.804316,83270
1478091097.810677,83270
1478091097.816613,84784
1478091097.821308,84784
1478091097.828018,86298
1478091097.833865,84784
1478091097.837881,83270
1478091097.843300,84784
1478091097.848788,84784
1478091097.854072,83270
1478091097.860340,84784
1478091097.866940,84784
1478091097.872736,86298
1478091097.877338,84784
1478091097.881170,86298
1478091097.885501,86298
1478091097.890259,86298
1478091097.894459,86298
1478091097.898536,86298
1478091097.902910,86298
1478091097.907346,86298
1478091097.910691,86298
1478091097.916118,86298
1478091097.919650,86298
1478091097.924405,86298
1478091097.927878,86298
1478091097.932860,83270
1478091097.937099,86298
1478091097.941687,86298
1478091097.946554,86298
1478091097.950713,86298
1478091097.955185,89326
1478091097.961513,86298
1478091097.965289,86298
1478091097.970442,87812
1478091097.976750,86298
1478091097.982699,86298
1478091097.987362,87812
1478091097.991386,87812
1478091097.995575,87812
1478091098.000122,87812
1478091098.004342,87812
1478091098.009033,87812
1478091098.012942,86298
1478091098.017345,86298
1478091098.021927,86298
1478091098.025744,87812
1478091098.030637,89326
1478091098.034687,87812
1478091098.038602,89326
1478091098.044220,86298
1478091098.049243,87812
1478091098.053144,89326
1478091098.058345,87812
1478091098.062156,87812
1478091098.066700,86298
1478091098.071273,86298
1478091098.076214,87812
1478091098.082791,89326
1478091098.089458,87812
1478091098.095167,89326
1478091098.099878,86298
1478091098.106361,89326
1478091098.112676,89326
1478091098.116836,89326
1478091098.121675,90840
1478091098.127653,87812
1478091098.131836,89326
1478091098.136699,90840
1478091098.143350,89326
1478091098.149333,89326
1478091098.154473,89326
1478091098.160445,90840
1478091098.166724,89326
1478091098.171088,89326
1478091098.177504,87812
1478091098.180631,89326
1478091098.185362,90840
1478091098.190075,89326
1478091098.194043,90840
1478091098.198340,90840
1478091098.202786,92354
1478091098.207055,92354
1478091098.210906,89326
1478091098.215708,87812
1478091098.219618,89326
1478091098.224634,87812
1478091098.228181,89326
1478091098.233085,87812
1478091098.237884,89326
1478091098.242017,90840
1478091098.246644,89326
1478091098.252010,90840
1478091098.256780,87812
1478091098.261110,87812
1478091098.265421,89326
1478091098.269984,90840
1478091098.274336,89326
1478091098.279238,89326
1478091098.285051,89326
1478091098.289922,90840
1478091098.296312,90840
1478091098.300329,90840
1478091098.304880,89326
1478091098.308632,86298
1478091098.313354,84784
1478091098.318062,81756
1478091098.323910,78728
1478091098.328503,74186
1478091098.332802,72672
1478091098.337072,71158
1478091098.341296,68130
1478091098.345684,66616
1478091098.350141,63588
1478091098.354092,62074
1478091098.358619,59046
1478091098.362698,56018
1478091098.367716,54504
1478091098.373937,49962
1478091098.377122,48448
1478091098.382505,45420
1478091098.386309,45420
1478091098.390710,45420
1478091098.394330,46934
1478091098.398002,46934
1478091098.401949,43906
1478091098.405598,46934
1478091098.410120,46934
1478091098.414736,46934
1478091098.421521,43906
1478091098.426314,45420
1478091098.430823,46934
1478091098.435894,48448
1478091098.440850,48448
1478091098.445502,46934
1478091098.450027,46934
1478091098.454764,46934
1478091098.459934,49962
1478091098.464273,48448
1478091098.468574,48448
1478091098.473028,48448
1478091098.478360,49962
1478091098.482727,49962
1478091098.487092,48448
1478091098.491134,48448
1478091098.495715,48448
1478091098.499912,49962
1478091098.504306,49962
1478091098.508853,48448
1478091098.512544,49962
1478091098.515919,49962
1478091098.519858,51476
1478091098.523421,51476
1478091098.527366,49962
1478091098.531947,51476
1478091098.536162,51476
1478091098.540629,51476
1478091098.545628,51476
1478091098.550752,51476
1478091098.555477,52990
1478091098.559685,51476
1478091098.564773,51476
1478091098.569092,49962
1478091098.573555,52990
1478091098.578083,51476
1478091098.582905,51476
1478091098.588186,52990
1478091098.592580,52990
1478091098.597418,51476
1478091098.601773,54504
1478091098.606364,54504
1478091098.610384,52990
1478091098.614933,52990
1478091098.620301,54504
1478091098.624464,52990
1478091098.629019,54504
1478091098.632679,54504
1478091098.637124,52990
1478091098.641954,51476
1478091098.646194,54504
1478091098.650434,54504
1478091098.654461,56018
1478091098.658316,54504
1478091098.662442,56018
1478091098.667127,56018
1478091098.671142,54504
1478091098.675970,54504
1478091098.680319,54504
1478091098.685262,54504
1478091098.689727,54504
1478091098.694122,56018
1478091098.698122,54504
1478091098.702596,57532
1478091098.706529,56018
1478091098.710806,57532
1478091098.715521,57532
1478091098.720213,57532
1478091098.724745,57532
1478091098.729362,56018
1478091098.734103,54504
1478091098.739157,57532
1478091098.744033,59046
1478091098.749461,59046
1478091098.753878,59046
1478091098.758351,59046
1478091098.762435,59046
1478091098.766114,59046
1478091098.770232,57532
1478091098.774463,57532
1478091098.779421,57532
1478091098.783277,59046
1478091098.787454,59046
1478091098.791219,59046
1478091098.795689,60560
1478091098.800183,60560
1478091098.805138,60560
1478091098.809706,60560
1478091098.814113,60560
1478091098.817957,59046
1478091098.822468,59046
1478091098.826782,60560
1478091098.830999,60560
1478091098.834877,60560
1478091098.839545,60560
1478091098.844278,62074
1478091098.848416,62074
1478091098.853477,62074
1478091098.857620,60560
1478091098.862208,60560
1478091098.866051,62074
1478091098.870380,62074
1478091098.874541,60560
1478091098.879036,60560
1478091098.883466,60560
1478091098.888238,60560
1478091098.892634,62074
1478091098.896029,62074
1478091098.900558,62074
1478091098.904413,63588
1478091098.908178,63588
1478091098.912232,62074
1478091098.917474,63588
1478091098.921137,63588
1478091098.924903,62074
1478091098.928891,62074
1478091098.933003,63588
1478091098.936750,62074
1478091098.941312,63588
1478091098.945073,63588
1478091098.949130,63588
1478091098.953022,65102
1478091098.956696,65102
1478091098.960322,65102
1478091098.966669,62074
1478091098.970222,62074
1478091098.974017,63588
1478091098.978644,65102
1478091098.982846,65102
1478091098.986857,65102
1478091098.991568,65102
1478091098.996276,63588
1478091099.000870,65102
1478091099.005444,65102
1478091099.009942,65102
1478091099.013972,66616
1478091099.018775,66616
1478091099.023326,66616
1478091099.028398,65102
1478091099.032604,66616
1478091099.036792,66616
1478091099.041697,68130
1478091099.045829,65102
1478091099.051048,65102
1478091099.055783,66616
1478091099.060473,68130
1478091099.064649,68130
1478091099.069585,68130
1478091099.074373,68130
1478091099.078218,68130
1478091099.082330,66616
1478091099.086020,68130
1478091099.089420,66616
1478091099.093463,68130
1478091099.096797,66616
1478091099.100791,68130
1478091099.104909,66616
1478091099.109658,65102
1478091099.113467,68130
1478091099.118252,68130
1478091099.136332,68130
1478091099.141195,71158
1478091099.145661,68130
1478091099.150399,68130
1478091099.155677,68130
1478091099.160015,68130
1478091099.164602,68130
1478091099.182241,68130
1478091099.186303,71158
1478091099.194960,71158
1478091099.202715,71158
1478091099.206972,71158
1478091099.214578,71158
1478091099.218534,68130
1478091099.222022,71158
1478091099.226188,71158
1478091099.234424,71158
1478091099.238824,72672
1478091099.243060,72672
1478091099.247118,71158
1478091099.251022,72672
1478091099.256180,72672
1478091099.260636,72672
1478091099.265040,72672
1478091099.270083,72672
1478091099.278182,72672
1478091099.283184,71158
1478091099.287770,71158
1478091099.291854,72672
1478091099.296181,72672
1478091099.300399,74186
1478091099.305342,72672
1478091099.309774,72672
1478091099.313987,74186
1478091099.318033,72672
1478091099.322620,75700
1478091099.327680,71158
1478091099.332113,72672
1478091099.336675,72672
1478091099.340140,74186
1478091099.343713,72672
1478091099.347779,74186
1478091099.351043,72672
1478091099.355100,74186
1478091099.359306,74186
1478091099.363942,74186
1478091099.369321,74186
1478091099.373672,74186
1478091099.378183,74186
1478091099.382177,74186
1478091099.386593,75700
1478091099.390861,75700
1478091099.395186,74186
1478091099.400958,75700
1478091099.405443,75700
1478091099.409651,74186
1478091099.414002,74186
1478091099.418872,75700
1478091099.423429,77214
1478091099.428357,75700
1478091099.433483,75700
1478091099.438716,75700
1478091099.442965,75700
1478091099.448069,75700
1478091099.452801,75700
1478091099.456677,77214
1478091099.459908,75700
1478091099.464244,77214
1478091099.467496,78728
1478091099.471877,77214
1478091099.475648,77214
1478091099.479591,78728
1478091099.483698,78728
1478091099.487735,80242
1478091099.492664,78728
1478091099.497268,78728
1478091099.501641,77214
1478091099.506178,77214
1478091099.510430,78728
1478091099.514935,78728
1478091099.519152,80242
1478091099.525478,77214
1478091099.530002,77214
1478091099.534275,78728
1478091099.538769,78728
1478091099.542996,80242
1478091099.547260,78728
1478091099.551170,80242
1478091099.555849,80242
1478091099.560048,81756
1478091099.565202,80242
1478091099.569726,80242
1478091099.573972,81756
1478091099.578855,80242
1478091099.584155,81756
1478091099.588286,78728
1478091099.592085,80242
1478091099.596668,80242
1478091099.601008,78728
1478091099.605194,78728
1478091099.608552,80242
1478091099.612698,80242
1478091099.616703,81756
1478091099.621559,81756
1478091099.625582,83270
1478091099.630087,83270
1478091099.634381,80242
1478091099.639127,80242
1478091099.643818,81756
1478091099.648222,81756
1478091099.653284,81756
1478091099.658404,81756
1478091099.662830,81756
1478091099.667024,81756
1478091099.671513,83270
1478091099.677234,81756
1478091099.681754,83270
1478091099.686430,83270
1478091099.691066,84784
1478091099.695465,84784
1478091099.700588,83270
1478091099.704864,81756
1478091099.709961,83270
1478091099.714320,81756
1478091099.718708,81756
1478091099.722425,84784
1478091099.726055,83270
1478091099.729491,83270
1478091099.733686,81756
1478091099.737822,83270
1478091099.741449,84784
1478091099.745250,83270
1478091099.749951,84784
1478091099.754115,84784
1478091099.758807,86298
1478091099.763909,83270
1478091099.768897,84784
1478091099.773538,84784
1478091099.777877,83270
1478091099.782385,86298
1478091099.786865,83270
1478091099.790896,84784
1478091099.795345,84784
1478091099.799791,86298
1478091099.804845,86298
1478091099.809821,84784
1478091099.814431,84784
1478091099.818940,86298
1478091099.823604,84784
1478091099.828297,84784
1478091099.832680,86298
1478091099.837474,86298
1478091099.842006,86298
1478091099.846686,86298
1478091099.850499,87812
1478091099.854041,86298
1478091099.857905,86298
1478091099.862583,87812
1478091099.865916,86298
1478091099.870461,86298
1478091099.874192,84784
1478091099.878570,86298
1478091099.883629,86298
1478091099.888195,86298
1478091099.893291,86298
1478091099.898055,87812
1478091099.903396,86298
1478091099.907627,87812
1478091099.911985,87812
1478091099.916378,89326
1478091099.921330,87812
1478091099.926584,87812
1478091099.930808,89326
1478091099.935332,89326
1478091099.939469,86298
1478091099.943835,87812
1478091099.947742,89326
1478091099.952317,87812
1478091099.958043,87812
1478091099.962249,89326
1478091099.967230,90840
1478091099.971833,89326
1478091099.976319,90840
1478091099.980440,87812
1478091099.984151,90840
1478091099.987438,89326
1478091099.991794,89326
1478091099.995583,87812
1478091099.999520,89326
1478091100.003606,89326
1478091100.007681,90840
1478091100.011401,89326
1478091100.015416,90840
1478091100.018894,89326
1478091100.023136,89326
1478091100.026368,89326
1478091100.030284,89326
1478091100.034101,90840
1478091100.038738,89326
1478091100.042599,90840
1478091100.047203,89326
1478091100.052154,90840
1478091100.056733,90840
1478091100.061594,90840
1478091100.066093,87812
1478091100.071286,90840
1478091100.078255,90840
1478091100.082796,87812
1478091100.087444,87812
1478091100.092075,89326
1478091100.096784,89326
1478091100.100917,89326
1478091100.105767,89326
1478091100.110360,89326
1478091100.114737,92354
1478091100.119758,90840
1478091100.124557,92354
1478091100.129000,87812
1478091100.133566,89326
1478091100.138189,86298
1478091100.142951,84784
1478091100.148714,81756
1478091100.153858,77214
1478091100.158157,75700
1478091100.162652,71158
1478091100.170774,66616
1478091100.174832,63588
1478091100.178257,63588
1478091100.181961,60560
1478091100.186412,57532
1478091100.190777,54504
1478091100.195929,51476
1478091100.200488,48448
1478091100.204534,45420
1478091100.208826,43906
1478091100.212829,43906
1478091100.217819,45420
1478091100.222135,43906
1478091100.226552,45420
1478091100.230972,45420
1478091100.235148,43906
1478091100.239309,43906
1478091100.244414,43906
1478091100.249240,46934
1478091100.253581,45420
1478091100.258186,45420
1478091100.262774,45420
1478091100.267588,46934
1478091100.272741,46934
1478091100.276943,43906
1478091100.282172,45420
1478091100.286611,46934
1478091100.291205,45420
1478091100.294619,46934
1478091100.298916,48448
1478091100.302203,46934
1478091100.306814,46934
1478091100.310357,45420
1478091100.314800,46934
1478091100.318495,48448
1478091100.322319,46934
1478091100.326050,46934
1478091100.331048,48448
1478091100.334811,46934
1478091100.338943,48448
1478091100.343058,48448
1478091100.347810,48448
1478091100.352826,48448
1478091100.357133,48448
1478091100.361951,49962
1478091100.366553,51476
1478091100.371103,48448
1478091100.375495,48448
1478091100.380187,49962
1478091100.385236,48448
1478091100.389570,49962
1478091100.394623,49962
1478091100.399103,49962
1478091100.403815,49962
1478091100.408070,51476
1478091100.412685,52990
1478091100.417471,52990
1478091100.421257,51476
1478091100.425383,51476
1478091100.428715,51476
1478091100.432384,51476
1478091100.435808,51476
1478091100.439305,52990
1478091100.442889,51476
1478091100.446356,52990
1478091100.450385,51476
1478091100.454255,52990
1478091100.458723,54504
1478091100.462768,51476
1478091100.466918,52990
1478091100.471228,52990
1478091100.475893,54504
1478091100.480416,54504
1478091100.484745,51476
1478091100.488607,52990
1478091100.493313,52990
1478091100.497765,56018
1478091100.502088,56018
1478091100.506855,56018
1478091100.511363,56018
1478091100.516107,52990
1478091100.520284,54504
1478091100.524543,54504
1478091100.528788,56018
1478091100.533740,56018
1478091100.538459,56018
1478091100.542972,56018
1478091100.547286,56018
1478091100.551435,56018
1478091100.555081,54504
1478091100.558736,56018
1478091100.562496,57532
1478091100.566524,56018
1478091100.570172,56018
1478091100.573978,56018
1478091100.578054,56018
1478091100.582637,57532
1478091100.586568,54504
1478091100.591119,57532
1478091100.595021,57532
1478091100.599218,59046
1478091100.603414,56018
1478091100.607712,57532
1478091100.612602,57532
1478091100.617407,57532
1478091100.622407,57532
1478091100.626666,57532
1478091100.631248,57532
1478091100.636120,59046
1478091100.643034,57532
1478091100.647609,59046
1478091100.652395,60560
1478091100.656523,60560
1478091100.660796,59046
1478091100.664936,60560
1478091100.669494,60560
1478091100.673193,59046
1478091100.677569,59046
1478091100.681292,60560
1478091100.684957,59046
1478091100.688937,60560
1478091100.693216,60560
1478091100.697415,59046
1478091100.701365,60560
1478091100.705204,59046
1478091100.709812,60560
1478091100.713940,60560
1478091100.719087,60560
1478091100.723832,60560
1478091100.728162,60560
1478091100.732398,62074
1478091100.737176,62074
1478091100.741349,62074
1478091100.745121,62074
1478091100.749743,63588
1478091100.753588,60560
1478091100.758510,63588
1478091100.762845,60560
1478091100.767256,62074
1478091100.771645,62074
1478091100.775994,63588
1478091100.781518,62074
1478091100.786134,63588
1478091100.791508,63588
1478091100.796234,63588
1478091100.801053,63588
1478091100.804962,65102
1478091100.808466,63588
1478091100.813033,63588
1478091100.816648,65102
1478091100.819999,65102
1478091100.823863,65102
1478091100.827398,63588
1478091100.831469,65102
1478091100.835724,63588
1478091100.840790,62074
1478091100.845332,63588
1478091100.849423,65102
1478091100.854189,65102
1478091100.858882,65102
1478091100.863281,66616
1478091100.868164,66616
1478091100.872740,66616
1478091100.877664,66616
1478091100.881913,63588
1478091100.886382,65102
1478091100.890346,65102
1478091100.894610,66616
1478091100.899320,66616
1478091100.904405,65102
1478091100.908912,68130
1478091100.913517,68130
1478091100.918470,65102
1478091100.922272,66616
1478091100.926994,66616
1478091100.931655,66616
1478091100.935547,68130
1478091100.939264,66616
1478091100.943228,68130
1478091100.946634,66616
1478091100.950877,66616
1478091100.954431,66616
1478091100.958484,68130
1478091100.966258,68130
1478091100.977587,68130
1478091100.985368,68130
1478091100.989234,68130
1478091100.992566,68130
1478091100.997031,68130
1478091101.009705,68130
1478091101.014995,68130
1478091101.020065,71158
1478091101.037111,68130
1478091101.042532,71158
1478091101.046960,71158
1478091101.063749,71158
1478091101.072601,71158
1478091101.077321,71158
1478091101.082220,71158
1478091101.087152,71158
1478091101.092403,71158
1478091101.096869,71158
1478091101.101101,71158
1478091101.105106,72672
1478091101.108847,71158
1478091101.112873,72672
1478091101.116290,71158
1478091101.120272,71158
1478091101.123995,71158
1478091101.127906,72672
1478091101.131442,72672
1478091101.134917,74186
1478091101.138547,74186
1478091101.142370,72672
1478091101.146431,74186
1478091101.150349,72672
1478091101.154435,72672
1478091101.157776,72672
1478091101.161977,72672
1478091101.165717,74186
1478091101.169856,72672
1478091101.173199,74186
1478091101.177768,74186
1478091101.181820,72672
1478091101.186421,72672
1478091101.190394,74186
1478091101.194867,74186
1478091101.199107,74186
1478091101.203292,74186
1478091101.207432,74186
1478091101.211920,75700
1478091101.218854,74186
1478091101.222794,74186
1478091101.227100,74186
1478091101.231523,75700
1478091101.235818,75700
1478091101.239744,74186
1478091101.244521,74186
1478091101.249123,74186
1478091101.253122,75700
1478091101.258540,77214
1478091101.262665,77214
1478091101.267170,74186
1478091101.271499,75700
1478091101.276721,75700
1478091101.280683,75700
1478091101.284421,77214
1478091101.288030,75700
1478091101.292104,77214
1478091101.295571,75700
1478091101.300273,75700
1478091101.303970,77214
1478091101.307580,75700
1478091101.311424,77214
1478091101.316062,77214
1478091101.320151,77214
1478091101.325169,77214
1478091101.330501,78728
1478091101.334463,77214
1478091101.339314,77214
1478091101.343932,77214
1478091101.348650,77214
1478091101.353319,77214
1478091101.357396,78728
1478091101.362063,78728
1478091101.366071,77214
1478091101.370658,77214
1478091101.374975,77214
1478091101.379459,80242
1478091101.383833,80242
1478091101.388516,80242
1478091101.392665,78728
1478091101.397330,78728
1478091101.402346,78728
1478091101.406332,78728
1478091101.410206,80242
1478091101.413959,78728
1478091101.418249,80242
1478091101.421731,78728
1478091101.425426,78728
1478091101.428949,78728
1478091101.432403,80242
1478091101.436326,78728
1478091101.440750,78728
1478091101.444500,80242
1478091101.448340,80242
1478091101.452317,80242
1478091101.455616,80242
1478091101.459845,80242
1478091101.463263,78728
1478091101.467406,80242
1478091101.470746,81756
1478091101.474887,80242
1478091101.478174,81756
1478091101.481814,80242
1478091101.485854,80242
1478091101.489903,81756
1478091101.494512,78728
1478091101.499600,78728
1478091101.504176,80242
1478091101.508285,80242
1478091101.512785,83270
1478091101.517057,83270
1478091101.521369,83270
1478091101.526168,81756
1478091101.530216,81756
1478091101.534786,83270
1478091101.539533,81756
1478091101.543529,83270
1478091101.548240,80242
1478091101.552169,81756
1478091101.556653,81756
1478091101.561044,83270
1478091101.565350,83270
1478091101.570026,83270
1478091101.574214,81756
1478091101.578402,83270
1478091101.582572,83270
1478091101.586113,83270
1478091101.589614,84784
1478091101.592961,83270
1478091101.597217,84784
1478091101.601237,81756
1478091101.605476,83270
1478091101.609238,84784
1478091101.613845,84784
1478091101.618288,81756
1478091101.623274,84784
1478091101.628265,84784
1478091101.632551,83270
1478091101.636538,83270
1478091101.641535,83270
1478091101.647096,83270
1478091101.652352,86298
1478091101.656467,84784
1478091101.661029,84784
1478091101.665713,84784
1478091101.670315,84784
1478091101.674677,86298
1478091101.679029,86298
1478091101.684780,86298
1478091101.688860,86298
1478091101.693357,83270
1478091101.697450,84784
1478091101.701898,86298
1478091101.705962,86298
1478091101.710777,86298
1478091101.715620,83270
1478091101.719165,86298
1478091101.723417,86298
1478091101.727164,84784
1478091101.730926,86298
1478091101.734659,84784
1478091101.739382,87812
1478091101.743426,86298
1478091101.748245,86298
1478091101.752734,86298
1478091101.757859,86298
1478091101.762211,87812
1478091101.766690,87812
1478091101.773575,86298
1478091101.777834,84784
1478091101.782070,86298
1478091101.786199,87812
1478091101.790969,87812
1478091101.795192,86298
1478091101.799596,87812
1478091101.803781,87812
1478091101.808623,87812
1478091101.812635,89326
1478091101.816740,86298
1478091101.821539,87812
1478091101.825778,87812
1478091101.830776,87812
1478091101.835102,89326
1478091101.839479,89326
1478091101.843044,87812
1478091101.846957,89326
1478091101.850580,86298
1478091101.854009,89326
1478091101.857430,87812
1478091101.861331,89326
1478091101.865096,87812
1478091101.869267,89326
1478091101.873801,89326
1478091101.878740,89326
1478091101.894373,87812
1478091101.898569,89326
1478091101.903551,89326
1478091101.910961,89326
1478091102.040960,80242
1478091102.093108,77214
1478091102.097802,77214
1478091102.102812,78728
1478091102.107443,80242
1478091102.111809,81756
1478091102.116099,81756
1478091102.120461,83270
1478091102.124630,84784
1478091102.129294,84784
1478091102.133977,87812
1478091102.138873,87812
1478091102.143310,89326
1478091102.147513,89326
1478091102.151485,90840
1478091102.155009,92354
1478091102.158755,90840
1478091102.162774,90840
1478091102.166885,87812
1478091102.171090,90840
1478091102.174871,90840
1478091102.179233,89326
1478091102.184001,89326
1478091102.188475,87812
1478091102.192620,89326
1478091102.197029,89326
1478091102.202130,89326
1478091102.206441,90840
1478091102.210855,87812
1478091102.214934,89326
1478091102.219731,89326
1478091102.223880,89326
1478091102.228097,90840
1478091102.232377,90840
1478091102.236545,90840
1478091102.240913,87812
1478091102.245364,84784
1478091102.249380,81756
1478091102.253908,78728
1478091102.258280,77214
1478091102.262684,74186
1478091102.267233,72672
1478091102.276202,65102
1478091102.280100,63588
1478091102.284177,62074
1478091102.288130,57532
1478091102.292102,56018
1478091102.295522,52990
1478091102.299263,51476
1478091102.302942,49962
1478091102.307177,46934
1478091102.312687,43906
1478091102.316659,45420
1478091102.320258,45420
1478091102.324893,46934
1478091102.329390,45420
1478091102.334047,45420
1478091102.337956,46934
1478091102.342021,45420
1478091102.345383,46934
1478091102.349060,45420
1478091102.352511,43906
1478091102.356487,45420
1478091102.360634,45420
1478091102.364533,45420
1478091102.368699,46934
1478091102.373837,46934
1478091102.378088,46934
1478091102.382051,48448
1478091102.387141,48448
1478091102.391494,48448
1478091102.395948,45420
1478091102.400454,46934
1478091102.404824,48448
1478091102.409448,48448
1478091102.414325,49962
1478091102.418937,48448
1478091102.422950,49962
1478091102.427347,46934
1478091102.432153,49962
1478091102.436324,48448
1478091102.441005,48448
1478091102.445727,49962
1478091102.450528,49962
1478091102.456066,49962
1478091102.459888,49962
1478091102.463623,48448
1478091102.467186,51476
1478091102.471333,49962
1478091102.475114,49962
1478091102.479390,49962
1478091102.483100,48448
1478091102.488231,51476
1478091102.492457,51476
1478091102.497343,51476
1478091102.501486,51476
1478091102.506605,51476
1478091102.511103,51476
1478091102.515370,52990
1478091102.520772,51476
1478091102.525072,52990
1478091102.529596,52990
1478091102.533742,52990
1478091102.538082,52990
1478091102.542162,54504
1478091102.546595,54504
1478091102.550817,52990
1478091102.555559,52990
1478091102.559734,52990
1478091102.563631,54504
1478091102.567773,52990
1478091102.572226,52990
1478091102.576467,54504
1478091102.580936,56018
1478091102.584969,52990
1478091102.588718,54504
1478091102.592600,56018
1478091102.596411,54504
1478091102.600026,56018
1478091102.604086,54504
1478091102.607446,56018
1478091102.611593,56018
1478091102.615286,54504
1478091102.619923,54504
1478091102.624303,57532
1478091102.629310,57532
1478091102.633952,57532
1478091102.638884,57532
1478091102.643323,57532
1478091102.647799,54504
1478091102.652237,56018
1478091102.656361,56018
1478091102.662128,56018
1478091102.667144,56018
1478091102.671779,57532
1478091102.676102,57532
1478091102.680497,59046
1478091102.684932,59046
1478091102.688822,57532
1478091102.693369,57532
1478091102.697465,59046
1478091102.701713,59046
1478091102.706335,59046
1478091102.710996,59046
1478091102.715713,56018
1478091102.719699,59046
1478091102.724238,59046
1478091102.727669,57532
1478091102.731717,59046
1478091102.735703,60560
1478091102.740361,60560
1478091102.744433,57532
1478091102.749395,57532
1478091102.754175,59046
1478091102.758691,59046
1478091102.762812,60560
1478091102.767159,60560
1478091102.771612,60560
1478091102.775884,60560
1478091102.780588,60560
1478091102.785606,60560
1478091102.790140,60560
1478091102.794144,62074
1478091102.798598,62074
1478091102.802916,62074
1478091102.807312,60560
1478091102.811693,60560
1478091102.815791,62074
1478091102.820302,63588
1478091102.825147,63588
1478091102.829721,60560
1478091102.833992,62074
1478091102.838402,62074
1478091102.841937,63588
1478091102.846264,60560
1478091102.850134,62074
1478091102.854096,63588
1478091102.857480,62074
1478091102.861023,63588
1478091102.864935,62074
1478091102.872044,60560
1478091102.876189,62074
1478091102.880867,60560
1478091102.885416,63588
1478091102.889967,63588
1478091102.894789,63588
1478091102.899249,63588
1478091102.903795,63588
1478091102.907996,65102
1478091102.912230,62074
1478091102.916788,63588
1478091102.921291,63588
1478091102.925499,65102
1478091102.929847,66616
1478091102.934768,66616
1478091102.939435,66616
1478091102.944035,65102
1478091102.948483,65102
1478091102.952893,65102
1478091102.956825,66616
1478091102.961442,66616
1478091102.965458,63588
1478091102.969702,65102
1478091102.973976,65102
1478091102.977709,65102
1478091102.981302,66616
1478091102.984998,65102
1478091102.988714,66616
1478091102.992850,68130
1478091102.996323,66616
1478091103.000352,68130
1478091103.004386,68130
1478091103.009392,68130
1478091103.014630,66616
1478091103.019133,65102
1478091103.023328,66616
1478091103.028190,66616
1478091103.032729,68130
1478091103.059763,68130
1478091103.064824,66616
1478091103.070000,66616
1478091103.074587,68130
1478091103.078739,68130
1478091103.083483,68130
1478091103.088484,68130
1478091103.097126,71158
1478091103.116061,71158
1478091103.125530,71158
1478091103.134346,71158
1478091103.148740,71158
1478091103.154000,71158
1478091103.158016,72672
1478091103.162308,72672
1478091103.171342,71158
1478091103.175917,71158
1478091103.180069,71158
1478091103.184924,72672
1478091103.188765,72672
1478091103.193627,72672
1478091103.198194,71158
1478091103.202517,71158
1478091103.207194,72672
1478091103.211502,72672
1478091103.216411,74186
1478091103.220447,74186
1478091103.225266,74186
1478091103.229365,72672
1478091103.233342,74186
1478091103.236718,72672
1478091103.240683,72672
1478091103.244289,71158
1478091103.248054,72672
1478091103.251654,71158
1478091103.256091,72672
1478091103.260271,72672
1478091103.264707,74186
1478091103.269154,72672
1478091103.273883,75700
1478091103.278385,75700
1478091103.283102,72672
1478091103.287983,75700
1478091103.292572,74186
1478091103.297532,72672
1478091103.302032,74186
1478091103.306242,74186
1478091103.310451,75700
1478091103.314534,72672
1478091103.319558,72672
1478091103.323969,74186
1478091103.328707,74186
1478091103.333022,75700
1478091103.337475,75700
1478091103.341665,77214
1478091103.345931,74186
1478091103.350209,75700
1478091103.354685,75700
1478091103.359006,77214
1478091103.362495,75700
1478091103.366676,75700
1478091103.370479,77214
1478091103.374370,75700
1478091103.378163,77214
1478091103.382529,74186
1478091103.386464,75700
1478091103.391310,75700
1478091103.395378,78728
1478091103.400533,77214
1478091103.404379,78728
1478091103.409138,78728
1478091103.414196,78728
1478091103.418518,77214
1478091103.422996,77214
1478091103.426943,78728
1478091103.433332,75700
1478091103.437959,77214
1478091103.442068,77214
1478091103.447223,77214
1478091103.451980,77214
1478091103.456659,78728
1478091103.461314,78728
1478091103.465301,80242
1478091103.470389,80242
1478091103.474779,80242
1478091103.479734,80242
1478091103.484532,80242
1478091103.488776,78728
1478091103.493154,78728
1478091103.496928,80242
1478091103.501368,80242
1478091103.504811,78728
1478091103.508129,78728
1478091103.512135,78728
1478091103.516220,80242
1478091103.520640,80242
1478091103.525319,80242
1478091103.530172,78728
1478091103.534942,78728
1478091103.539198,80242
1478091103.543621,80242
1478091103.547786,81756
1478091103.551791,78728
1478091103.556305,80242
1478091103.560681,80242
1478091103.564758,81756
1478091103.569134,78728
1478091103.573640,80242
1478091103.577773,80242
1478091103.582417,80242
1478091103.587667,80242
1478091103.592372,81756
1478091103.596573,83270
1478091103.600877,83270
1478091103.605615,83270
1478091103.609480,81756
1478091103.613391,83270
1478091103.616997,81756
1478091103.620640,83270
1478091103.624651,83270
1478091103.628543,81756
1478091103.632526,83270
1478091103.635914,81756
1478091103.640613,81756
1478091103.645230,81756
1478091103.649375,83270
1478091103.654252,83270
1478091103.658529,83270
1478091103.663061,81756
1478091103.668580,83270
1478091103.673031,83270
1478091103.677579,83270
1478091103.682346,83270
1478091103.687164,83270
1478091103.692177,83270
1478091103.696720,83270
1478091103.701328,83270
1478091103.705374,84784
1478091103.709819,84784
1478091103.714561,84784
1478091103.719672,84784
1478091103.724430,84784
1478091103.729168,86298
1478091103.733652,83270
1478091103.737866,84784
1478091103.741606,86298
1478091103.745140,84784
1478091103.749320,84784
1478091103.753218,83270
1478091103.757126,84784
1478091103.760558,86298
1478091103.764790,83270
1478091103.768330,84784
1478091103.773295,84784
1478091103.777647,86298
1478091103.781938,83270
1478091103.786778,84784
1478091103.791237,84784
1478091103.796259,86298
1478091103.800243,87812
1478091103.804436,87812
1478091103.808857,86298
1478091103.813524,84784
1478091103.817985,86298
1478091103.822230,86298
1478091103.826621,87812
1478091103.830439,84784
1478091103.834924,86298
1478091103.838946,86298
1478091103.843436,87812
1478091103.847476,84784
1478091103.852067,86298
1478091103.856092,86298
1478091103.860403,87812
1478091103.865609,86298
1478091103.869494,86298
1478091103.873300,87812
1478091103.876827,89326
1478091103.880921,87812
1478091103.884612,89326
1478091103.888805,89326
1478091103.892450,87812
1478091103.896311,89326
1478091103.900980,86298
1478091103.905483,87812
1478091103.909987,87812
1478091103.914876,87812
1478091103.919056,87812
1478091103.924357,87812
1478091103.928885,87812
1478091103.933446,89326
1478091103.937463,89326
1478091103.941816,89326
1478091103.946481,89326
1478091103.951014,89326
1478091103.956132,89326
1478091103.960450,89326
1478091103.965103,89326
1478091103.969452,89326
1478091103.973923,90840
1478091103.978985,90840
1478091103.983409,90840
1478091103.990476,87812
1478091103.996069,90840
1478091103.999939,87812
1478091104.004146,89326
1478091104.007668,90840
1478091104.012055,87812
1478091104.016310,90840
1478091104.020531,90840
1478091104.024053,89326
1478091104.028033,89326
1478091104.032371,90840
1478091104.036793,90840
1478091104.041140,89326
1478091104.044806,89326
1478091104.049211,90840
1478091104.053080,89326
1478091104.056462,90840
1478091104.060716,90840
1478091104.064026,90840
1478091104.068888,87812
1478091104.072656,90840
1478091104.076505,89326
1478091104.080251,90840
1478091104.084842,90840
1478091104.088993,90840
1478091104.093697,90840
1478091104.098983,90840
1478091104.103159,87812
1478091104.107058,86298
1478091104.111465,81756
1478091104.115970,80242
1478091104.120373,77214
1478091104.124821,74186
1478091104.128944,72672
1478091104.137959,66616
1478091104.142868,63588
1478091104.147118,60560
1478091104.152096,57532
1478091104.156524,54504
1478091104.161172,51476
1478091104.165811,49962
1478091104.170000,46934
1478091104.174732,45420
1478091104.178886,45420
1478091104.182502,45420
1478091104.186000,45420
1478091104.189289,45420
1478091104.192941,45420
1478091104.196343,43906
1478091104.200202,45420
1478091104.203899,45420
1478091104.208364,45420
1478091104.212222,46934
1478091104.216912,46934
1478091104.220705,46934
1478091104.225332,46934
1478091104.229326,45420
1478091104.233607,46934
1478091104.237941,46934
1478091104.242221,45420
1478091104.246595,45420
1478091104.250662,46934
1478091104.255410,46934
1478091104.259867,48448
1478091104.265368,46934
1478091104.271129,46934
1478091104.275633,46934
1478091104.280175,46934
1478091104.284224,48448
1478091104.288818,48448
1478091104.293819,48448
1478091104.298723,49962
1478091104.303346,49962
1478091104.308061,49962
1478091104.312145,48448
1478091104.316239,48448
1478091104.320446,49962
1478091104.324735,49962
1478091104.328755,48448
1478091104.332769,49962
1478091104.336945,49962
1478091104.340912,49962
1478091104.345153,49962
1478091104.348933,48448
1478091104.352997,49962
1478091104.356465,51476
1478091104.360574,48448
1478091104.363890,51476
1478091104.367531,49962
1478091104.370938,51476
1478091104.374671,49962
1478091104.378527,52990
1478091104.382346,51476
1478091104.386633,51476
1478091104.391197,52990
1478091104.396020,52990
1478091104.400412,52990
1478091104.404415,51476
1478091104.409136,51476
1478091104.413885,51476
1478091104.418385,51476
1478091104.422642,52990
1478091104.426954,54504
1478091104.431022,51476
1478091104.435120,52990
1478091104.439473,54504
1478091104.443610,54504
1478091104.449001,54504
1478091104.453503,54504
1478091104.458239,54504
1478091104.462334,52990
1478091104.466787,54504
1478091104.470986,56018
1478091104.475859,56018
1478091104.479865,52990
1478091104.483363,54504
1478091104.486707,54504
1478091104.490680,54504
1478091104.494115,52990
1478091104.498002,54504
1478091104.501739,56018
1478091104.505731,54504
1478091104.509386,56018
1478091104.514618,56018
1478091104.518651,57532
1478091104.523269,56018
1478091104.527202,56018
1478091104.531510,57532
1478091104.535852,57532
1478091104.541338,57532
1478091104.546372,56018
1478091104.550708,57532
1478091104.555104,57532
1478091104.559377,56018
1478091104.563798,57532
1478091104.571157,57532
1478091104.575488,57532
1478091104.579937,59046
1478091104.584436,59046
1478091104.588587,57532
1478091104.593049,57532
1478091104.597279,57532
1478091104.602266,57532
1478091104.606899,59046
1478091104.611765,60560
1478091104.615659,57532
1478091104.619593,59046
1478091104.623002,60560
1478091104.627041,59046
1478091104.630885,60560
1478091104.634946,60560
1478091104.638361,59046
1478091104.643438,59046
1478091104.647560,60560
1478091104.652149,60560
1478091104.656636,60560
1478091104.661514,59046
1478091104.665753,60560
1478091104.670830,60560
1478091104.675527,60560
1478091104.679765,60560
1478091104.684247,60560
1478091104.688504,62074
1478091104.692485,60560
1478091104.696647,60560
1478091104.701312,60560
1478091104.705726,62074
1478091104.709807,60560
1478091104.714419,62074
1478091104.718299,62074
1478091104.723816,62074
1478091104.727949,63588
1478091104.732182,63588
1478091104.736481,63588
1478091104.740907,62074
1478091104.744237,63588
1478091104.748579,60560
1478091104.752237,62074
1478091104.755701,62074
1478091104.759268,63588
1478091104.763252,62074
1478091104.766782,63588
1478091104.770813,65102
1478091104.775175,62074
1478091104.779511,63588
1478091104.783644,63588
1478091104.788886,65102
1478091104.793480,63588
1478091104.798304,65102
1478091104.803061,63588
1478091104.807046,65102
1478091104.811802,65102
1478091104.817527,65102
1478091104.821741,66616
1478091104.825951,63588
1478091104.830010,65102
1478091104.834225,65102
1478091104.838432,66616
1478091104.843035,63588
1478091104.847170,65102
1478091104.851412,65102
1478091104.856097,66616
1478091104.860468,66616
1478091104.864673,65102
1478091104.869615,65102
1478091104.873030,68130
1478091104.876587,66616
1478091104.880139,68130
1478091104.884504,65102
1478091104.888045,66616
1478091104.891922,68130
1478091104.895566,66616
1478091104.900161,66616
1478091104.904361,68130
1478091104.909783,66616
1478091104.914063,68130
1478091104.918548,68130
1478091104.922722,68130
1478091104.927134,68130
1478091104.932087,68130
1478091104.936431,68130
1478091104.941070,68130
1478091104.949952,66616
1478091104.953837,68130
1478091104.958116,68130
1478091104.966559,66616
1478091104.970948,68130
1478091104.975217,68130
1478091104.983821,68130
1478091104.988551,71158
1478091105.000484,68130
1478091105.012843,71158
1478091105.020421,71158
1478091105.024732,68130
1478091105.037734,71158
1478091105.041869,72672
1478091105.050535,71158
1478091105.054711,72672
1478091105.059117,72672
1478091105.068618,71158
1478091105.073651,72672
1478091105.082544,71158
1478091105.086565,71158
1478091105.091051,72672
1478091105.096016,72672
1478091105.100290,74186
1478091105.104915,74186
1478091105.109925,74186
1478091105.114835,74186
1478091105.119058,72672
1478091105.123441,72672
1478091105.128628,71158
1478091105.133555,72672
1478091105.136857,74186
1478091105.141005,72672
1478091105.144641,72672
1478091105.148943,74186
1478091105.153166,74186
1478091105.158075,74186
1478091105.162727,72672
1478091105.167130,74186
1478091105.171494,74186
1478091105.175931,75700
1478091105.180786,75700
1478091105.185540,74186
1478091105.190163,75700
1478091105.194411,72672
1478091105.198882,74186
1478091105.203230,74186
1478091105.207712,74186
1478091105.212041,75700
1478091105.216419,75700
1478091105.221227,75700
1478091105.225880,74186
1478091105.230668,74186
1478091105.234980,75700
1478091105.239372,75700
1478091105.244603,75700
1478091105.248921,75700
1478091105.253476,75700
1478091105.257643,77214
1478091105.261389,75700
1478091105.265324,77214
1478091105.269757,77214
1478091105.273180,75700
1478091105.277422,77214
1478091105.281216,75700
1478091105.285751,77214
1478091105.289659,78728
1478091105.294175,78728
1478091105.298461,75700
1478091105.303212,77214
1478091105.307196,77214
1478091105.311456,78728
1478091105.315715,78728
1478091105.320201,77214
1478091105.324268,77214
1478091105.328881,77214
1478091105.333207,77214
1478091105.337051,77214
1478091105.341484,77214
1478091105.345778,78728
1478091105.350731,78728
1478091105.355347,78728
1478091105.359622,80242
1478091105.364021,77214
1478091105.369239,78728
1478091105.374181,80242
1478091105.378482,77214
1478091105.382681,78728
1478091105.386137,80242
1478091105.389875,78728
1478091105.393560,80242
1478091105.397373,78728
1478091105.401163,80242
1478091105.404829,77214
1478091105.409153,78728
1478091105.413968,80242
1478091105.418128,81756
1478091105.422196,81756
1478091105.426626,80242
1478091105.430898,80242
1478091105.435134,81756
1478091105.439645,81756
1478091105.443690,80242
1478091105.447889,80242
1478091105.452564,80242
1478091105.456726,81756
1478091105.461436,81756
1478091105.466204,81756
1478091105.472011,80242
1478091105.476842,80242
1478091105.481563,81756
1478091105.486143,83270
1478091105.490909,83270
1478091105.495359,83270
1478091105.499681,81756
1478091105.504049,81756
1478091105.508539,81756
1478091105.512325,83270
1478091105.515907,81756
1478091105.519473,83270
1478091105.522761,81756
1478091105.526587,83270
1478091105.530227,81756
1478091105.534027,83270
1478091105.537838,81756
1478091105.542310,81756
1478091105.546362,83270
1478091105.550715,83270
1478091105.554991,81756
1478091105.559291,83270
1478091105.563388,84784
1478091105.567922,84784
1478091105.571915,83270
1478091105.576258,83270
1478091105.580475,84784
1478091105.584859,84784
1478091105.588975,83270
1478091105.593703,83270
1478091105.598483,86298
1478091105.602838,83270
1478091105.607290,84784
1478091105.611310,84784
1478091105.615738,84784
1478091105.619658,84784
1478091105.624238,86298
1478091105.628624,86298
1478091105.633085,86298
1478091105.637264,84784
1478091105.640904,86298
1478091105.644592,84784
1478091105.649024,84784
1478091105.652547,86298
1478091105.656753,83270
1478091105.660092,86298
1478091105.664951,86298
1478091105.672514,86298
1478091105.676738,83270
1478091105.681383,86298
1478091105.685747,84784
1478091105.690509,86298
1478091105.695431,86298
1478091105.699574,86298
1478091105.704137,87812
1478091105.708185,87812
1478091105.712514,86298
1478091105.716494,86298
1478091105.720425,87812
1478091105.724806,84784
1478091105.729048,86298
1478091105.733183,86298
1478091105.737959,87812
1478091105.742790,86298
1478091105.747361,87812
1478091105.751680,87812
1478091105.756219,86298
1478091105.761033,87812
1478091105.764961,87812
1478091105.768574,89326
1478091105.772472,87812
1478091105.776445,89326
1478091105.780218,87812
1478091105.784466,87812
1478091105.788090,89326
1478091105.792633,86298
1478091105.797035,87812
1478091105.801903,87812
1478091105.805980,87812
1478091105.810731,87812
1478091105.815654,87812
1478091105.819966,89326
1478091105.824901,89326
1478091105.828982,87812
1478091105.834178,89326
1478091105.839004,90840
1478091105.843359,89326
1478091105.847405,89326
1478091105.851681,90840
1478091105.856066,90840
1478091105.860420,90840
1478091105.865285,89326
1478091105.870382,87812
1478091105.875244,87812
1478091105.879830,90840
1478091105.883613,89326
1478091105.888404,89326
1478091105.892649,90840
1478091105.896597,89326
1478091105.900045,90840
1478091105.904294,90840
1478091105.908687,90840
1478091105.912224,89326
1478091105.915792,89326
1478091105.920131,89326
1478091105.923982,90840
1478091105.929865,89326
1478091105.934964,89326
1478091105.939189,89326
1478091105.943677,90840
1478091105.947514,89326
1478091105.951984,89326
1478091105.956249,89326
1478091105.960928,89326
1478091105.965112,90840
1478091105.969412,87812
1478091105.973598,89326
1478091105.978500,90840
1478091105.983329,90840
1478091105.987791,90840
1478091105.992476,87812
1478091105.996465,86298
1478091106.000997,81756
1478091106.005398,80242
1478091106.009891,77214
1478091106.014079,74186
1478091106.018763,72672
1478091106.026449,66616
1478091106.029777,65102
1478091106.034404,62074
1478091106.037785,60560
1478091106.042073,56018
1478091106.046040,54504
1478091106.050807,51476
1478091106.054810,49962
1478091106.059258,45420
1478091106.063505,43906
1478091106.068706,43906
1478091106.073293,45420
1478091106.077419,45420
1478091106.081982,43906
1478091106.086374,45420
1478091106.090783,43906
1478091106.094833,45420
1478091106.099432,45420
1478091106.103749,46934
1478091106.108403,45420
1478091106.112935,46934
1478091106.117517,46934
1478091106.121989,46934
1478091106.126359,45420
1478091106.131667,45420
1478091106.136052,45420
1478091106.141892,46934
1478091106.146975,48448
1478091106.150554,46934
1478091106.154720,48448
1478091106.158493,45420
1478091106.162688,46934
1478091106.165926,48448
1478091106.170285,45420
1478091106.174444,46934
1478091106.179165,46934
1478091106.184148,48448
1478091106.188724,48448
1478091106.193732,48448
1478091106.198125,49962
1478091106.202214,49962
1478091106.206610,48448
1478091106.210636,48448
1478091106.214585,49962
1478091106.219022,46934
1478091106.223150,49962
1478091106.227801,49962
1478091106.232814,49962
1478091106.237172,49962
1478091106.242278,49962
1478091106.247256,49962
1478091106.252162,49962
1478091106.256710,49962
1478091106.263347,48448
1478091106.267851,51476
1478091106.272208,49962
1478091106.276564,51476
1478091106.281340,51476
1478091106.284804,52990
1478091106.289027,49962
1478091106.292720,51476
1478091106.296398,51476
1478091106.299726,52990
1478091106.303981,49962
1478091106.308281,51476
1478091106.312510,52990
1478091106.316912,52990
1478091106.320791,51476
1478091106.326192,54504
1478091106.330608,54504
1478091106.334937,51476
1478091106.341247,54504
1478091106.345447,54504
1478091106.350038,54504
1478091106.355024,54504
1478091106.359370,54504
