0.002047509 253
0.002168533 253
0.004090154 253
0.004680089 253
0.004703045 253
0.005749354 253
0.006234665 253
0.008434984 253
0.010948450 253
0.010975426 253
0.012749018 253
0.014916623 253
0.015323960 253
0.017125230 253
0.017154097 253
0.019181486 253
0.020336757 253
0.020356498 253
0.023556136 253
0.025009130 253
0.025713424 253
0.025759245 253
0.027877036 253
0.030947613 253
0.030972978 253
0.032168539 253
0.034342214 253
0.034984542 253
0.036486556 253
0.036530987 253
0.038230142 253
0.038659845 253
0.040419523 253
0.043035477 253
0.043108585 253
0.043979153 253
0.044004979 253
0.047276404 253
0.049491828 253
0.049543516 253
0.051215632 253
0.051241785 253
0.051583044 253
0.054397449 253
0.055935857 253
0.057214225 253
0.058087994 253
0.060257762 253
0.062526768 253
0.064185766 253
0.064209185 253
0.064529789 253
0.066766432 253
0.066794323 253
0.067647438 253
0.067672005 253
0.071059613 253
0.073189207 253
0.074082240 253
0.075446223 253
0.075504213 253
0.077555544 253
0.077593081 253
0.079668702 253
0.081937814 253
0.081977596 253
0.083538429 253
0.083571860 253
0.083962838 253
0.088356595 253
0.091123103 253
0.091455117 253
0.091487160 253
0.094784150 253
0.094813973 253
0.094831166 253
0.096972152 253
0.099134212 253
0.099992161 253
0.100013837 253
0.101262404 253
0.102115749 253
0.103430130 253
0.104288195 253
0.105605414 253
0.107763016 253
0.108689843 253
0.109928823 253
0.109956453 253
0.113227231 253
0.114271244 253
0.114322554 253
0.115335580 253
0.117743721 253
0.118537818 253
0.120706775 253
0.122887860 253
0.123967932 253
0.123977179 253
0.125024830 253
0.125803281 253
0.127179977 253
0.128007341 253
0.129361262 253
0.131478304 253
0.132407970 253
0.133680650 253
0.133702336 253
0.136373706 253
0.138080403 253
0.138153342 253
0.140125990 253
0.140140311 253
0.142381869 253
0.144483115 253
0.144861753 253
0.146673854 253
0.146694981 253
0.148378584 253
0.148763855 253
0.149540629 253
0.150960278 253
0.153525897 253
0.155306037 253
0.155356460 253
0.157463132 253
0.158466188 253
0.159607651 253
0.161770930 253
0.162102543 253
0.163922637 253
0.163952090 253
0.166838213 253
0.168293976 253
0.168342309 253
0.171688102 253
0.172551716 253
0.172567592 253
0.174757244 253
0.177554709 253
0.177575509 253
0.178155155 253
0.179028760 253
0.183363958 253
0.184040859 253
0.184071787 253
0.185557642 253
0.187652180 253
0.188841480 253
0.189856912 253
0.189900695 253
0.192002480 253
0.194193672 253
0.194240829 253
0.196294187 253
0.197105120 253
0.198476224 253
0.200629642 253
0.201610405 253
0.202788242 253
0.202826053 253
0.206056128 253
0.207094974 253
0.207134011 253
0.209261990 253
0.211443994 253
0.211486415 253
0.214624198 253
0.215745871 253
0.215759522 253
0.218251547 253
0.218778439 253
0.218826429 253
0.222259070 253
0.224391294 253
0.224421528 253
0.226516637 253
0.227647953 253
0.227675674 253
0.230888860 253
0.231410834 253
0.233027838 253
0.233045182 253
0.235176045 253
0.235558748 253
0.236611182 253
0.239500806 253
0.241277515 253
0.241666753 253
0.241678411 253
0.242503031 253
0.245995187 253
0.246686934 253
0.247084685 253
0.247126297 253
0.249688901 253
0.251852422 253
0.251876281 253
0.254687145 253
0.256813498 253
0.257275986 253
0.257290654 253
0.258192211 253
0.258920676 253
0.261139416 253
0.263713737 253
0.263757063 253
0.264042550 253
0.265430542 253
0.268513494 253
0.269725365 253
0.269737569 253
0.272637370 253
0.274066340 253
0.274087024 253
0.276225215 253
0.276777396 253
0.278428535 253
0.280384059 253
0.280885280 253
0.282690739 253
0.282744189 253
0.287052928 253
0.287078768 253
0.288264165 253
0.289151040 253
0.289196530 253
0.289738867 253
0.293412416 253
0.295654812 253
0.297824295 253
0.297850289 253
0.298682539 253
0.298699527 253
0.299470637 253
0.299961144 253
0.302155269 253
0.304322958 253
0.304346401 253
0.307327333 253
0.308613668 253
0.308625314 253
0.311862114 253
0.312954376 253
0.312986846 253
0.316119282 253
0.317235638 253
0.317270400 253
0.319995363 253
0.321608864 253
0.321632438 253
0.323721270 253
0.324760992 253
0.325886111 253
0.328052443 253
0.328808681 253
0.330274384 253
0.330300964 253
0.333236246 253
0.334543871 253
0.334564761 253
0.337534185 253
0.338836569 253
0.338851943 253
0.341798605 253
0.343204688 253
0.343250600 253
0.346302021 253
0.347488762 253
0.347512923 253
0.349678008 253
0.350679753 253
0.351819208 253
0.352289894 253
0.353699183 253
0.355103306 253
0.356119780 253
0.358283266 253
0.360500129 253
0.361622722 253
0.361641919 253
0.362601554 253
0.364749937 253
0.365429312 253
0.366944740 253
0.366965351 253
0.368792104 253
0.370190303 253
0.370235293 253
0.373407119 253
0.375579549 253
0.376074285 253
0.376092444 253
0.376505744 253
0.377010443 253
0.379915960 253
0.383082822 253
0.383098670 253
0.383471578 253
0.384176476 253
0.386418134 253
0.389772083 253
0.389823900 253
0.390685814 253
0.391295442 253
0.392825904 253
0.394190774 253
0.394981627 253
0.397149314 253
0.398604956 253
0.399294690 253
0.400910544 253
0.400931689 253
0.403668077 253
0.403695528 253
0.406630026 253
0.406677859 253
0.407963611 253
0.410127931 253
0.410443645 253
0.412274793 253
0.412293572 253
0.414487937 253
0.414846481 253
0.414866375 253
0.419231538 253
0.419248499 253
0.420928209 253
0.421505939 253
0.423101087 253
0.423893211 253
0.425274359 253
0.427445851 253
0.427983438 253
0.429615792 253
0.429649293 253
0.432617778 253
0.433906825 253
0.433959544 253
0.436502216 253
0.439001370 253
0.439031605 253
0.440861888 253
0.440923561 253
0.442407482 253
0.444718055 253
0.445285367 253
0.446872263 253
0.446898474 253
0.448980653 253
0.451189586 253
0.451252064 253
0.453303031 253
0.453321506 253
0.454450197 253
0.457653989 253
0.458374249 253
0.459783811 253
0.459797293 253
0.461759730 253
0.463925560 253
0.466339082 253
0.467555240 253
0.467594237 253
0.468445814 253
0.468472454 253
0.470086815 253
0.472750920 253
0.472773241 253
0.475664278 253
0.475678627 253
0.477045788 253
0.479298350 253
0.480021709 253
0.481479096 253
0.481550471 253
0.485007798 253
0.485705679 253
0.485725451 253
0.487873307 253
0.490068952 253
0.490676971 253
0.492185340 253
0.492231278 253
0.495593016 253
0.496510534 253
0.496526573 253
0.498681336 253
0.500842953 253
0.500862927 253
0.502019100 253
0.502979645 253
0.506298210 253
0.507287630 253
0.507304803 253
0.508929156 253
0.511655831 253
0.511707482 253
0.514417659 253
0.514438284 253
0.515960971 253
0.518157239 253
0.519360804 253
0.520261740 253
0.520275046 253
0.522470420 253
0.525861078 253
0.525885991 253
0.526746869 253
0.528900318 253
0.529620841 253
0.531077604 253
0.531113928 253
0.533221976 253
0.535398621 253
0.535900442 253
0.536395371 253
0.536431095 253
0.540339424 253
0.541416995 253
0.541446534 253
0.544081726 253
0.546162033 253
0.546191609 253
0.547789360 253
0.550502908 253
0.550562157 253
0.554101893 253
0.554137950 253
0.554806969 253
0.554821600 253
0.556997581 253
0.559933963 253
0.559955324 253
0.561313435 253
0.563475801 253
0.564135639 253
0.565650021 253
0.565697232 253
0.569976058 253
0.572100317 253
0.572116291 253
0.572536441 253
0.574271567 253
0.574293484 253
0.578596178 253
0.580772367 253
0.580788469 253
0.582961379 253
0.584395606 253
0.584425084 253
0.585026907 253
0.585697345 253
0.585711298 253
0.589271664 253
0.591561028 253
0.592341356 253
0.592357380 253
0.593745752 253
0.594765076 253
0.595847858 253
0.598040012 253
0.598781255 253
0.600197049 253
0.600217684 253
0.603387926 253
0.604497735 253
0.604552607 253
0.607304103 253
0.608833132 253
0.608892596 253
0.611949273 253
0.613133862 253
0.613149048 253
0.616054627 253
0.617459607 253
0.617479945 253
0.620459600 253
0.621046118 253
0.621054788 253
0.623833630 253
0.626101091 253
0.626167767 253
0.629072541 253
0.629089223 253
0.630472469 253
0.632056841 253
0.632552443 253
0.633852287 253
0.634711867 253
0.636877411 253
0.639087190 253
0.639586886 253
0.641267752 253
0.641289055 253
0.644638577 253
0.645580267 253
0.645616466 253
0.647689338 253
0.648877716 253
0.648912839 253
0.652356417 253
0.655577117 253
0.655593007 253
0.656314793 253
0.658496716 253
0.658521359 253
0.661500037 253
0.661561043 253
0.662831562 253
0.664671871 253
0.665656280 253
0.667127461 253
0.667168460 253
0.670010579 253
0.670026753 253
0.671457045 253
0.673021013 253
0.673608226 253
0.675098711 253
0.675752152 253
0.677981022 253
0.680094742 253
0.680960578 253
0.680974430 253
0.682267339 253
0.684441627 253
0.685255143 253
0.685725033 253
0.685769090 253
0.688725274 253
0.691959793 253
0.692001554 253
0.693063892 253
0.695252463 253
0.695584026 253
0.696044087 253
0.696058427 253
0.700172844 253
0.701760369 253
0.702208328 253
0.702953115 253
0.702964891 253
0.706011470 253
0.708160840 253
0.710692309 253
0.712482400 253
0.712504216 253
0.713474418 253
0.713500485 253
0.714619683 253
0.715485936 253
0.716816159 253
0.719047620 253
0.721143497 253
0.721504909 253
0.721536266 253
0.723259249 253
0.723285252 253
0.725448974 253
0.727477335 253
0.729774795 253
0.730136298 253
0.730150735 253
0.730511687 253
0.731912220 253
0.734095300 253
0.734485266 253
0.734965731 253
0.736218077 253
0.738384373 253
0.740562754 253
0.742752378 253
0.743758127 253
0.744901042 253
0.744919808 253
0.747879915 253
0.749233988 253
0.749247566 253
0.751705442 253
0.753525886 253
0.753571474 253
0.755706575 253
0.757874941 253
0.757906396 253
0.759992305 253
0.762228758 253
0.762259648 253
0.765518341 253
0.765537101 253
0.766480848 253
0.768637845 253
0.769802133 253
0.770803057 253
0.770861091 253
0.772950051 253
0.775111561 253
0.775130200 253
0.777786904 253
0.779458937 253
0.779490694 253
0.783196284 253
0.783721003 253
0.783729216 253
0.785966537 253
0.787336526 253
0.787372432 253
0.789802955 253
0.792422407 253
0.792479945 253
0.795441275 253
0.795455267 253
0.796716934 253
0.796737914 253
0.799661947 253
0.801064781 253
0.801084283 253
0.804147110 253
0.805441792 253
0.805493007 253
0.808700463 253
0.808749752 253
0.809681873 253
0.811543803 253
0.812534374 253
0.814021382 253
0.814047522 253
0.817150104 253
0.818367879 253
0.818384559 253
0.820450467 253
0.821558938 253
0.822628023 253
0.824801005 253
0.825546192 253
0.826951436 253
0.827007046 253
0.829087843 253
0.829706942 253
0.831250529 253
0.833467781 253
0.835216675 253
0.835583867 253
0.835641403 253
0.836326036 253
0.837738435 253
0.839894471 253
0.842951799 253
0.842974715 253
0.844257153 253
0.846423965 253
0.847471632 253
0.848560335 253
0.848578630 253
0.852902014 253
0.855068579 253
0.855129867 253
0.856065179 253
0.857217506 253
0.857269474 253
0.861512525 253
0.863672125 253
0.863718672 253
0.864637403 253
0.865886196 253
0.865906695 253
0.870153851 253
0.872301247 253
0.872321099 253
0.874481749 253
0.876138345 253
0.876157586 253
0.876528489 253
0.877096875 253
0.877106539 253
0.881508982 253
0.881560951 253
0.883128748 253
0.884690055 253
0.885236827 253
0.885711752 253
0.887427012 253
0.891795956 253
0.891833873 253
0.892896409 253
0.893908219 253
0.893929676 253
0.894755287 253
0.898248162 253
0.898730023 253
0.900428879 253
0.900456038 253
0.902535258 253
0.902973732 253
0.904681263 253
0.906880502 253
0.909044324 253
0.911747501 253
0.911804655 252
0.912352955 252
0.913318845 251
0.913332555 251
0.915313775 250
0.919851751 249
0.919874063 248
0.920391991 248
0.920397085 247
0.922009362 247
0.924108968 246
0.926326182 246
0.928463867 245
0.928515078 245
0.928908086 243
0.930657668 242
0.930682943 241
0.933229019 241
0.933557611 240
0.933593535 240
0.937989109 238
0.938477943 238
0.938502483 237
0.941459203 237
0.945785171 235
0.945830949 235
0.947891627 234
0.948679783 233
0.948690079 232
0.949353495 232
0.950059160 231
0.952228336 230
0.955412789 228
0.955436278 228
0.956556642 227
0.956920655 227
0.957748751 225
0.960312254 225
0.960832799 224
0.963077433 223
0.965251334 222
0.965627426 222
0.965657443 221
0.966695355 221
0.967353075 220
0.969555872 220
0.972425945 219
0.972463500 219
0.973832139 218
0.975987190 217
0.976709023 216
0.978124663 215
0.978136608 213
0.980828039 212
0.982475202 211
0.982511392 211
0.985709676 210
0.986763444 210
0.986792583 209
0.988948675 209
0.991103006 208
0.991129676 208
0.994145321 207
0.995401357 207
0.995414554 206
0.998765286 206
0.999719673 205
0.999756974 204
1.001909862 203
1.004063166 202
1.004093407 200
1.006204302 200
1.007715049 199
1.008346986 199
1.010587056 198
1.012721829 198
1.013064250 197
1.013093891 197
1.014888076 196
1.014915426 196
1.017004431 194
1.019845011 193
1.019853074 191
1.021349585 191
1.023486595 190
1.025221695 190
1.025643903 189
1.025655497 189
1.027832114 187
1.029984893 187
1.030004060 185
1.032165391 185
1.034310579 183
1.035393449 183
1.036437449 182
1.036466522 182
1.036776334 181
1.039307742 181
1.040799122 180
1.042938198 180
1.043559088 178
1.045113770 178
1.045161214 177
1.048075731 177
1.049407331 176
1.049425247 176
1.053854504 175
1.055875156 175
1.055887005 174
1.056336224 173
1.056342545 172
1.058052165 172
1.060083787 171
1.062402130 171
1.064513716 170
1.064536068 170
1.066723819 168
1.066753275 168
1.068227578 166
1.068841160 166
1.068850792 165
1.070108778 165
1.073177575 163
1.074962135 163
1.075339069 161
1.075354915 161
1.076993345 159
1.079677878 158
1.079703942 156
1.082918301 156
1.082936300 155
1.083963055 155
1.086121584 154
1.086805227 154
1.088279259 153
1.088298631 153
1.090247297 152
1.091555792 152
1.091588551 150
1.094805388 150
1.095520028 149
1.096948772 149
1.096969346 148
1.098964619 148
1.100386659 146
1.100407315 146
1.103407522 145
1.105601038 145
1.106626157 144
1.106639359 144
1.107720183 142
1.110492113 141
1.111527448 140
1.112008673 140
1.112014268 139
1.114195217 139
1.116391672 138
1.116440092 137
1.118543818 135
1.120673022 135
1.121322560 133
1.122858302 133
1.122883928 132
1.126002391 132
1.127172603 131
1.127193116 131
1.130131817 130
1.131481142 130
1.131498352 129
1.134617847 129
1.135785689 128
1.135818781 128
1.138629193 126
1.140114467 126
1.140143733 126
1.142261743 126
1.143538850 126
1.144438493 126
1.146611898 126
1.147221727 126
1.148039621 126
1.148063571 126
1.150948173 126
1.153743790 126
1.153763849 126
1.155260349 126
1.157405895 126
1.158950654 126
1.159550827 126
1.159561643 126
1.161754008 126
1.163850289 126
1.163864802 126
1.166069262 126
1.168223509 126
1.169050691 126
1.170398484 126
1.170423407 126
1.172482357 126
1.173342189 126
1.174675865 126
1.176827339 126
1.177202984 126
1.179040808 126
1.179094123 126
1.182472078 126
1.182499562 126
1.183280140 126
1.185528543 126
1.187022936 126
1.187595708 126
1.187612048 126
1.188422692 126
1.191961113 126
1.194203434 126
1.194970514 126
1.195001873 126
1.195378817 126
1.196235321 126
1.198476728 126
1.200595386 126
1.202807593 126
1.204895726 126
1.204909451 126
1.205541894 126
1.207070541 126
1.207105775 126
1.210102212 126
1.211442354 126
1.211466009 126
1.214626932 126
1.215674273 126
1.215690035 126
1.217892657 126
1.220028386 126
1.220086333 126
1.223226421 126
1.224319151 126
1.224335641 126
1.226851456 126
1.227206907 126
1.227235036 126
1.231639584 126
1.232994523 126
1.233014339 126
1.236139848 126
1.236158746 126
1.237287988 126
1.239498150 126
1.240197333 126
1.241642788 126
1.241685017 126
1.243694763 126
1.245016611 126
1.245046704 126
1.248083212 126
1.250143620 126
1.250900156 126
1.250934849 126
1.251458292 126
1.252388056 126
1.256741346 126
1.257888710 126
1.257931431 126
1.258893140 126
1.261050994 126
1.262898294 126
1.263209251 126
1.263230893 126
1.265417232 126
1.267506396 126
1.267542353 126
1.268843700 126
1.271880055 126
1.271907078 126
1.274967352 126
1.274985137 126
1.276180253 126
1.278389237 126
1.279405071 126
1.280503146 126
1.280521529 126
1.282290750 126
1.282628499 126
1.284071579 126
1.287009997 126
1.289133879 126
1.289787463 126
1.289802315 126
1.290064228 126
1.291292716 126
1.294434428 126
1.295615458 126
1.295652063 126
1.298336187 126
1.298816451 126
1.298829843 126
1.303078842 126
1.304266576 126
1.304285722 126
1.307294873 126
1.308619903 126
1.308643531 126
1.311893584 126
1.312874348 126
1.312899183 126
1.313891291 126
1.315875296 126
1.317198206 126
1.319293093 126
1.321559924 126
1.322709675 126
1.322728150 126
1.323116187 126
1.323656488 126
1.324775861 126
1.328060359 126
1.328568431 126
1.330250246 126
1.330288320 126
1.332702934 126
1.333587948 126
1.333611942 126
1.336638914 126
1.338510078 126
1.338534458 126
1.339194000 126
1.343187092 126
1.343777059 126
1.345281181 126
1.345300808 126
1.347440551 126
1.347746435 126
1.349683383 126
1.352477762 126
1.352495812 126
1.353957743 126
1.354986462 126
1.356063320 126
1.357635535 126
1.358229761 126
1.360449549 126
1.362353491 126
1.363741695 126
1.363756856 126
1.364748773 126
1.366907685 126
1.367762206 126
1.369074139 126
1.369106124 126
1.371184143 126
1.372552361 126
1.373352049 126
1.375512515 126
1.377702576 126
1.378949023 126
1.378962191 126
1.379841948 126
1.382052321 126
1.384197204 126
1.384812004 126
1.384834158 126
1.385527151 126
1.386293145 126
1.390661369 126
1.391345339 126
1.391359483 126
1.392787368 126
1.394992671 126
1.396024007 126
1.397114588 126
1.397131783 126
1.399940870 126
1.401441528 126
1.401460366 126
1.404810044 126
1.405778029 126
1.405815749 126
1.407935400 126
1.410092977 126
1.410112286 126
1.413035729 126
1.414408041 126
1.414429169 126
1.417435657 126
1.418743592 126
1.418762980 126
1.422454110 126
1.423007985 126
1.423015749 126
1.425209070 126
1.426386245 126
1.426406462 126
1.428910221 126
1.431686546 126
1.431717417 126
1.433807143 126
1.433824484 126
1.435096049 126
1.438209150 126
1.440354190 126
1.441339600 126
1.441354239 126
1.442461359 126
1.444654961 126
1.445232427 126
1.446815796 126
1.446842806 126
1.449984095 126
1.451106196 126
1.451133863 126
1.453267521 126
1.454027137 126
1.455457665 126
1.456314465 126
1.457620361 126
1.458964981 126
1.459731694 126
1.461932594 126
1.463436914 126
1.464035449 126
1.464045943 126
1.464529898 126
1.468367391 126
1.470577033 126
1.471618874 126
1.471643352 126
1.471990385 126
1.472684412 126
1.473450470 126
1.476853792 126
1.479235681 126
1.479947648 126
1.479979387 126
1.480360708 126
1.480375346 126
1.483528253 126
1.485682371 126
1.487837799 126
1.490008183 126
1.490049228 126
1.491014204 126
1.492177270 126
1.492212616 126
1.496526165 126
1.498632303 126
1.498652656 126
1.499636349 126
1.500774071 126
1.500793079 126
1.504077647 126
1.505115992 126
1.505152459 126
1.507284945 126
1.510068433 126
1.510123469 126
1.512590110 126
1.512615143 126
1.513398991 126
1.513742514 126
1.515914007 126
1.518758169 126
1.518777865 126
1.520274832 126
1.522403945 126
1.523549639 125
1.524533643 124
1.524548658 123
1.526744071 122
1.528870257 121
1.528904836 121
1.531915377 120
1.532304299 120
1.532310920 119
1.535408108 119
1.537517703 117
1.537547937 117
1.539644049 115
1.541887840 115
1.543363033 114
1.543960678 114
1.543981720 113
1.545284992 113
1.548346721 112
1.548905025 112
1.550569245 111
1.550599337 111
1.552184414 110
1.552600493 110
1.554781418 108
1.557732181 108
1.557755718 106
1.559141899 106
1.559737301 105
1.561247963 105
1.562793182 104
1.563409260 104
1.565610540 103
1.566668223 103
1.567741626 102
1.567755939 102
1.569915586 100
1.572054591 100
1.572795718 99
1.574287046 99
1.574314010 98
1.576356108 98
1.577951064 96
1.578522594 95
1.580718770 94
1.580744514 94
1.584357098 92
1.584386114 92
1.585003771 90
1.587199559 89
1.587218659 88
1.589725212 88
1.589749031 87
1.590063071 87
1.591507878 86
1.594560951 86
1.595809829 85
1.595825857 85
1.598817771 84
1.600151943 83
1.600168765 82
1.603311238 82
1.604461474 81
1.604480966 81
1.606263038 79
1.606587372 78
1.606595502 76
1.610970248 76
1.612977378 75
1.613421102 75
1.613446767 74
1.613801066 74
1.615234777 73
1.619593742 73
1.620931480 71
1.620948293 70
1.621378220 68
1.621727648 68
1.622504666 67
1.626062073 67
1.628236183 66
1.628714333 66
1.628730067 65
1.629069370 65
1.630377083 64
1.632538606 63
1.634612243 63
1.636896532 63
1.638190623 63
1.638218162 63
1.639039556 63
1.640067324 63
1.640085992 63
1.643346828 63
1.645498652 63
1.647656405 63
1.647681231 63
1.648374092 63
1.649833538 63
1.649852424 63
1.652427567 63
1.654155043 63
1.654176952 63
1.656567638 63
1.658456802 63
1.658487303 63
1.660850361 63
1.662772063 63
1.662799121 63
1.665212916 63
1.665232666 63
1.667143258 63
1.668549352 63
1.668845737 63
1.669219565 63
1.670050206 63
1.673567767 63
1.675784027 63
1.676272922 63
1.676287304 63
1.676656212 63
1.677456439 63
1.679358927 63
1.682255534 63
1.683655437 63
1.684008657 63
1.684026511 63
1.684338521 63
1.688564494 63
1.690896664 63
1.691254426 63
1.691272938 63
1.691638880 63
1.691660150 63
1.695145412 63
1.697393675 63
1.698538607 63
1.699508178 63
1.699527148 63
1.699844757 63
1.700745305 63
1.703825852 63
1.706606472 63
1.706626591 63
1.707456927 63
1.707478921 63
1.710717372 63
1.713297438 63
1.713321709 63
1.713691620 63
1.714586987 63
1.716775985 63
1.718287275 63
1.718913097 63
1.721123162 63
1.721891048 63
1.722209985 63
1.722224534 63
1.725393202 63
1.727580062 63
1.727600753 63
1.729876710 63
1.729899924 63
1.730532411 63
1.730857112 63
1.734104620 63
1.737486531 63
1.737504827 63
1.738341089 63
1.740539611 63
1.742722810 63
1.743829199 63
1.743843991 63
1.744846216 63
1.747010784 63
1.747623144 63
1.749173346 63
1.749197185 63
1.751324984 63
1.752425822 63
1.753505281 63
1.755643520 63
1.756422097 63
1.756727677 63
1.756739995 63
1.759961170 63
1.762150251 63
1.762165744 62
1.762734653 62
1.764483107 61
1.766409104 61
1.768622236 60
1.768643323 60
1.771196604 59
1.771213235 59
1.771762274 58
1.772915974 58
1.775670889 57
1.777223629 57
1.777231535 56
1.780252461 56
1.781563448 55
1.781579334 55
1.784611727 54
1.784624795 54
1.785887778 53
1.787380937 53
1.788019558 52
1.788730631 52
1.790208796 51
1.793093966 51
1.793106256 50
1.797135830 50
1.798914650 49
1.800500503 49
1.800508462 48
1.800514968 48
1.800981158 47
1.803156912 47
1.803988564 46
1.804363558 46
1.804372609 45
1.806375858 44
1.809643874 43
1.810369120 43
1.811788564 42
1.811804550 42
1.813956794 41
1.814365997 41
1.814712477 40
1.818169286 40
1.820421797 39
1.822600039 39
1.822613953 38
1.824751050 38
1.824772224 37
1.826953537 37
1.829076651 36
1.829095940 36
1.830830720 35
1.830858356 35
1.831207598 34
1.832114788 34
1.832121244 33
1.835536432 33
1.837776704 32
1.839885716 31
1.839909386 31
1.840640771 31
1.842048921 31
1.842070071 31
1.845044496 31
1.846366387 31
1.846377583 31
1.849419195 31
1.850650389 31
1.850657880 31
1.853499781 31
1.854979053 31
1.854995441 31
1.857945062 31
1.859326269 31
1.859342144 31
1.862402040 31
1.863657542 31
1.863672682 31
1.865814888 31
1.866725226 32
1.867955446 32
1.869610154 32
1.870078520 32
1.871132448 32
1.871158829 32
1.874438298 32
1.875078243 32
1.876576871 32
1.877530574 32
1.877910519 32
1.878748344 32
1.880891492 32
1.883105727 32
1.884748156 32
1.885194737 32
1.885206640 32
1.886364476 32
1.889556699 32
1.890300410 32
1.891709425 32
1.891722238 32
1.892938388 32
1.893861535 32
1.896005625 32
1.898179744 32
1.900381657 32
1.900874674 32
1.900887146 32
1.901260795 32
1.901597218 32
1.906841836 32
1.907498255 33
1.907506925 33
1.908997735 33
1.911227689 33
1.912771558 33
1.913278407 33
1.913289697 33
1.915450149 33
1.916132016 33
1.916506528 33
1.917605538 33
1.919766148 33
1.921948851 33
1.922666882 33
1.924128871 33
1.924150105 33
1.927538215 33
1.927556087 33
1.928400148 33
1.930614770 33
1.932006579 33
1.932712401 33
1.932724452 33
1.934257600 33
1.937053390 33
1.937070598 33
1.940138970 33
1.940153291 33
1.941397081 33
1.943566418 33
1.944366848 33
1.945708330 33
1.945721547 33
1.947861335 34
1.949133216 34
1.949147322 34
1.952200403 34
1.954358190 34
1.956498926 34
1.956516300 34
1.958673889 34
1.959020059 34
1.959028974 34
1.960860201 34
1.962884144 34
1.963255077 34
1.963581841 34
1.963599566 34
1.967324751 34
1.968070741 34
1.969494658 34
1.971290571 34
1.971590528 34
1.973786949 34
1.973801301 34
1.978138622 34
1.978167275 34
1.978773204 34
1.979612517 34
1.979630451 34
1.981739659 34
1.984550767 34
1.984571869 34
1.987953683 34
1.987969590 34
1.988880354 34
1.991053913 34
1.993262698 35
1.993929679 35
1.993951729 35
1.994475123 35
1.995358378 35
1.999688414 35
2.000253419 35
2.000262221 35
2.001911818 35
2.004013953 35
2.005438204 35
2.006162091 35
2.006173783 35
2.008376460 35
2.010495897 35
2.010511732 35
2.012662173 35
2.014825919 35
2.015352419 35
2.017023678 35
2.017057362 35
2.019999468 35
2.020011062 35
2.021279585 35
2.023457259 35
2.024221802 35
2.025654903 35
2.025675126 35
2.028772113 35
2.029956731 35
2.029967442 35
2.033026818 35
2.034260269 35
2.034268496 35
2.037044684 35
2.038596073 36
2.038617663 36
2.041659546 36
2.042896754 36
2.042908347 36
2.045929277 36
2.047208107 36
2.047219741 36
2.050378831 36
2.051528584 36
2.051541346 36
2.053696785 36
2.054438048 36
2.055870636 36
2.056732471 36
2.058048297 36
2.059331987 36
2.060137454 36
2.062334875 36
2.064437642 36
2.065479631 36
2.066634447 36
2.066643494 36
2.068825293 36
2.070973945 36
2.071002916 36
2.074317518 36
2.075270728 36
2.075285888 36
2.077465920 36
2.078029736 36
2.079628675 36
2.080365950 36
2.081764106 36
2.083333662 36
2.083902638 36
2.086105777 37
2.088056997 37
2.089347137 37
2.090376583 37
2.090388505 37
2.092578732 37
2.093141683 37
2.094767418 37
2.096166534 37
2.096551591 37
2.096840789 37
2.097531094 37
2.103369874 37
2.103395820 37
2.104457072 37
2.104828381 37
2.104837343 37
2.106032268 37
2.110175054 37
2.112014026 37
2.114123058 37
2.114140478 37
2.114412577 37
2.116329315 37
2.116350531 37
2.120678535 37
2.122494903 37
2.122510047 37
2.122859315 37
2.123745983 37
2.123760955 37
2.127128283 37
2.127667534 37
2.129266912 37
2.130236751 37
2.131427652 37
2.131790466 37
2.132752516 38
2.135792623 38
2.137895759 38
2.139332143 38
2.139344867 38
2.140062575 38
2.142281501 38
2.142298200 38
2.145237504 38
2.145248450 38
2.146657400 38
2.146680591 38
2.149950088 38
2.150881671 38
2.150898259 38
2.153046184 38
2.154343248 38
2.154357800 38
2.157377162 38
2.160135485 38
2.160147365 38
2.161684968 38
2.162809397 38
2.163826524 38
2.165017216 38
2.166009879 38
2.168200209 38
2.169052009 38
2.170531279 38
2.170548692 38
2.172445638 38
2.173598130 38
2.174617340 38
2.176804191 38
2.177194979 38
2.178322707 38
2.178341582 38
2.181134893 38
2.184000021 39
2.184012269 39
2.185431920 39
2.187576160 39
2.188468226 39
2.189740055 39
2.189747145 39
2.192642513 39
2.194091894 39
2.194107613 39
2.197037206 39
2.198375592 39
2.198386278 39
2.201389483 39
2.202702955 39
2.202715382 39
2.205833804 39
2.207101076 39
2.207117584 39
2.209162308 39
2.210599693 39
2.211317738 39
2.213562781 39
2.214848110 39
2.215629924 39
2.215638962 39
2.216468559 39
2.217831130 39
2.222160346 39
2.222986731 39
2.222999903 39
2.224302318 39
2.224323367 39
2.227265244 39
2.228660936 39
2.228679692 39
2.230750916 39
2.231991179 39
2.232002281 39
2.235097641 40
2.237271429 40
2.237915554 40
2.239439399 40
2.239468075 40
2.242412207 40
2.243769603 40
2.243784962 40
2.246282253 40
2.248064122 40
2.248090086 40
2.250559037 40
2.252366961 40
2.252385994 40
2.256701455 40
2.258867698 40
2.258882670 40
2.259194265 40
2.261052500 40
2.261075770 40
2.265345603 40
2.267552299 40
2.267570276 40
2.268198422 40
2.269689113 40
2.269707701 40
2.271932456 40
2.273978817 40
2.273990311 40
2.277620888 40
2.277641141 40
2.278282292 40
2.280444874 40
2.280468069 40
2.283928443 40
2.283943193 40
2.284793661 40
2.286970664 40
2.286994466 40
2.290452745 40
2.290470613 41
2.291254772 41
2.293622756 41
2.293658337 41
2.295132954 41
2.295151509 41
2.297651610 41
2.302112943 41
2.302148538 41
2.303440683 41
2.304204771 41
2.304226917 41
2.308299209 41
2.310698763 41
2.310720157 41
2.310723495 41
2.312866446 41
2.312891436 41
2.315571676 41
2.317263050 41
2.317287904 41
2.320533232 41
2.321486133 41
2.321501914 41
2.321899198 41
2.324670787 41
2.325925550 41
2.327961327 41
2.328802194 41
2.329425273 41
2.329439497 41
2.332295671 41
2.333706887 41
2.333725426 41
2.336384163 41
2.340473936 41
2.340506168 41
2.340932113 41
2.340950166 41
2.342162423 41
2.345238450 41
2.346022264 42
2.347457916 42
2.347481022 42
2.349576113 42
2.350037339 42
2.350915891 42
2.351692382 42
2.355939384 42
2.356258045 42
2.356269766 42
2.356920542 42
2.358227102 42
2.361237377 42
2.362537236 42
2.362545713 42
2.365256183 42
2.365915292 42
2.365934049 42
2.369048079 42
2.372677063 42
2.372696515 42
2.373326829 42
2.375473494 42
2.375494919 42
2.378360871 42
2.378372080 42
2.379807360 42
2.381301046 42
2.381753069 42
2.383443749 42
2.384100997 42
2.386306020 42
2.388439847 42
2.388833247 42
2.388841293 42
2.390609476 42
2.391030260 42
2.392750374 42
2.397071263 42
2.397084890 42
2.399263570 42
2.401435662 42
2.401462231 43
2.401840878 43
2.403592057 43
2.403625067 43
2.405405271 43
2.406701054 43
2.406712470 43
2.410052550 43
2.412215242 43
2.412727033 43
2.412737133 43
2.414367084 43
2.415561666 43
2.416550323 43
2.418714740 43
2.419396625 43
2.420837454 43
2.420852284 43
2.424102862 43
2.425130975 43
2.425140032 43
2.427349026 43
2.429501679 43
2.429532197 43
2.432366582 43
2.433821517 43
2.433834248 43
2.435972976 43
2.436609689 43
2.437049397 43
2.438120839 43
2.441144283 43
2.443234150 43
2.443247446 43
2.446245357 43
2.446269814 43
2.446747261 43
2.448908917 43
2.448927205 43
2.451650693 43
2.451662157 43
2.453251652 43
2.455402683 43
2.456301163 44
2.457555716 44
2.457570455 44
2.460335624 44
2.461878885 44
2.461902231 44
2.465218057 44
2.465841450 44
2.465856147 44
2.466182713 44
2.472084381 44
2.472102012 44
2.472662443 44
2.474888579 44
2.474919884 44
2.477015691 44
2.477042632 44
2.479138634 44
2.479152604 44
2.482455494 44
2.482834451 44
2.482844051 44
2.484832596 44
2.487791642 44
2.487818550 44
2.490922263 44
2.490943244 44
2.492117071 44
2.494316799 44
2.495384889 44
2.496426200 44
2.496438635 44
2.497868551 44
2.499246409 44
2.499256440 44
2.502938541 44
2.503739549 44
2.505070507 44
2.505083792 44
2.507208921 44
2.508542036 44
2.509834335 44
2.511580847 44
2.512909280 44
2.513699769 45
2.513709251 45
2.515880245 45
2.519210267 45
2.519231580 45
2.520210900 45
2.521864982 45
2.522313235 45
2.522945678 45
2.522953988 45
2.528842304 45
2.528869440 45
2.530730354 45
2.530752821 45
2.531230588 45
2.533142340 45
2.533163505 45
2.537517461 45
2.537560152 45
2.538952568 45
2.539349465 45
2.539363481 45
2.540446214 45
2.543965014 45
2.544257560 45
2.546124607 45
2.546145615 45
2.548243387 45
2.548778828 45
2.550433241 45
2.552480855 45
2.554773728 45
2.555214300 45
2.555226775 45
2.556900784 45
2.558153759 45
2.559048180 45
2.559629824 45
2.561241935 45
2.563361890 45
2.563379232 45
2.565568962 45
2.568679046 45
2.568696024 45
2.569872943 45
2.570838816 46
2.571996421 46
2.572925598 46
2.574175244 46
2.576321283 46
2.577032905 46
2.578535431 46
2.579227944 46
2.580653725 46
2.582110048 46
2.582798292 46
2.584965834 46
2.586765202 46
2.587124702 46
2.587137542 46
2.588657099 46
2.591518917 46
2.591554855 46
2.594701884 46
2.594716796 46
2.595775635 46
2.597947502 46
2.598932974 46
2.600103890 46
2.600113004 46
2.602297906 46
2.603327341 46
2.603341711 46
2.606598000 46
2.607259066 46
2.608742318 46
2.609775406 46
2.610876160 46
2.612388473 46
2.613062848 46
2.615220370 46
2.617407006 46
2.618369145 46
2.618385511 46
2.619531334 46
2.621715913 46
2.622492070 46
2.623866988 46
2.623884276 46
2.625940784 46
2.627487440 46
2.627505760 47
2.630327929 47
2.632504823 47
2.633125705 47
2.633134037 47
2.634682433 47
2.636801589 47
2.637750677 47
2.638964220 47
2.638972508 47
2.641443571 47
2.643317948 47
2.643333613 47
2.646329171 47
2.647636158 47
2.647652834 47
2.650236022 47
2.650561068 47
2.650573685 47
2.655736870 47
2.656051041 47
2.656061879 47
2.658413384 47
2.661480890 47
2.661499067 47
2.662718565 47
2.664900931 47
2.665285632 47
2.667091342 47
2.667122131 47
2.670099911 47
2.671383599 47
2.671395265 47
2.674022678 47
2.675695894 47
2.675721266 47
2.678268966 47
2.679991814 47
2.680009595 47
2.684321399 47
2.686502779 47
2.686519282 47
2.688646165 47
2.690814153 47
2.690834165 47
2.691311867 47
2.692973660 47
2.692994571 48
2.697288759 48
2.699514909 48
2.699538248 48
2.700096532 48
2.700694355 48
2.700709041 48
2.701388577 48
2.706875048 48
2.706890938 48
2.708108504 48
2.711013009 48
2.712398988 48
2.712763558 48
2.712771724 48
2.714595894 48
2.715873279 48
2.716168613 48
2.716698104 48
2.718863810 48
2.721056409 48
2.722964270 48
2.724034952 48
2.724048882 48
2.725362054 48
2.727521992 48
2.728236531 48
2.729720737 48
2.729737815 48
2.732334416 48
2.733366286 48
2.733380579 48
2.736189261 48
2.738989768 48
2.739002119 48
2.740518891 48
2.742654982 48
2.743732516 48
2.744781163 48
2.744791182 48
2.746994545 48
2.749114216 48
2.749138619 48
2.752282420 48
2.753456412 48
2.753466477 48
2.756269837 48
2.757679720 48
2.757713210 49
2.760548842 49
2.760866628 49
2.760880082 49
2.764208268 49
2.764904822 49
2.765244887 49
2.766417156 49
2.768538438 49
2.770743320 49
2.772105285 49
2.772877127 49
2.772894250 49
2.773645100 49
2.775030471 49
2.777207620 49
2.779941912 49
2.779956255 49
2.780530036 49
2.780540060 49
2.784271824 49
2.785870377 49
2.785885794 49
2.788635914 49
2.790258812 49
2.790274195 49
2.793545881 49
2.793569504 49
2.794507835 49
2.796315578 49
2.796612735 49
2.798781084 49
2.798803787 49
2.800960685 49
2.801463769 49
2.803100911 49
2.804676698 49
2.805052319 49
2.806544471 49
2.807412537 49
2.809632623 49
2.811775117 49
2.812050530 49
2.812056317 49
2.813925364 49
2.816111929 49
2.816679131 49
2.818278486 49
2.818302125 49
2.820672709 50
2.821287730 50
2.821300067 50
2.825595126 50
2.825620130 50
2.826922428 50
2.827377145 50
2.829021134 50
2.829854932 50
2.829874647 50
2.835539847 50
2.837520896 50
2.837542655 50
2.837906140 50
2.839813954 50
2.839834698 50
2.842578931 50
2.842588840 50
2.844213811 50
2.845928554 50
2.846288567 50
2.848469067 50
2.848490826 50
2.850621662 50
2.850639397 50
2.853446285 50
2.854958392 50
2.854980618 50
2.858550979 50
2.859255484 50
2.859266563 50
2.861518344 50
2.863558302 50
2.863574689 50
2.865784773 50
2.867927488 50
2.868608218 50
2.870060473 50
2.870069892 50
2.873294407 50
2.874371881 50
2.874383399 50
2.876570891 50
2.878448791 50
2.878463969 50
2.883026128 50
2.883044936 50
2.883047733 50
2.885218559 50
2.885249013 50
2.887688605 51
2.888722338 51
2.888733425 51
2.891709175 51
2.894622727 51
2.894635135 51
2.895973214 51
2.898169073 51
2.899120788 51
2.900313066 51
2.900324326 51
2.903040710 51
2.904614922 51
2.904638663 51
2.907729380 51
2.908934946 51
2.908941818 51
2.912246101 51
2.913252656 51
2.913266334 51
2.915438464 51
2.917624162 51
2.917646117 51
2.919712125 51
2.920811184 51
2.920822397 51
2.924083716 51
2.924718534 51
2.926238898 51
2.926262204 51
2.928347598 51
2.929539664 51
2.930559731 51
2.932687361 51
2.933208311 51
2.934879240 51
2.934904164 51
2.936372797 51
2.936982693 51
2.938549999 51
2.941385034 51
2.943113915 51
2.943501080 51
2.943515131 51
2.945684387 51
2.947828878 51
2.947876428 51
2.950578969 51
2.952170742 51
2.952195784 51
2.955054895 51
2.956490338 52
2.956512859 52
2.960763989 52
2.962960830 52
2.962975754 52
2.963305960 52
2.965074412 52
2.965089818 52
2.969435259 52
2.971574729 52
2.971589336 52
2.972017139 52
2.973757132 52
2.973775823 52
2.975374305 52
2.975858715 52
2.976455134 52
2.980197150 52
2.982400297 52
2.982733354 52
2.982747437 52
2.983144138 52
2.984543648 52
2.986695796 52
2.988850222 52
2.991144056 52
2.993191797 52
2.993205558 52
2.993976178 52
2.995562807 52
2.995583477 52
2.998259482 52
2.998272013 52
2.999678139 52
3.001828521 52
3.002292026 52
3.003998105 52
3.004032898 52
3.008341578 52
3.010492155 52
3.010511727 52
3.010969826 52
3.012628536 52
3.012659280 52
3.014759356 52
3.015615117 52
3.015628727 52
3.019115379 52
3.021281718 52
3.022305966 52
3.022324282 52
3.023393940 52
3.024240559 53
3.025574552 53
3.027611669 53
3.029890411 53
3.030266343 53
3.030276420 53
3.032051796 53
3.032730797 53
3.034221054 53
3.036362678 53
3.036990326 53
3.038645263 53
3.038672902 53
3.042623294 53
3.045063400 53
3.045085766 53
3.045788322 53
3.047144321 53
3.047154812 53
3.049331734 53
3.051482427 53
3.051504238 53
3.053632183 53
3.053648530 53
3.054716140 53
3.057960937 53
3.058695102 53
3.060130945 53
3.060143672 53
3.062283755 53
3.063193975 53
3.064451949 53
3.066636242 53
3.067130738 53
3.068855076 53
3.068888551 53
3.072165175 53
3.073102099 53
3.073113860 53
3.075293579 53
3.076362598 53
3.076375468 53
3.079528352 53
3.081711190 53
3.081722869 53
3.084804835 53
3.084822635 53
3.086072105 53
3.088179857 53
3.088756268 53
3.090385874 53
3.090410494 53
3.092507779 53
3.093856893 54
3.094663448 54
3.096861983 54
3.098961897 54
3.100095031 54
3.100105826 54
3.101158884 54
3.103341386 54
3.104006512 54
3.105472693 54
3.105492268 54
3.107435802 54
3.108807282 54
3.108821668 54
3.111933271 54
3.112886676 54
3.114129689 54
3.114138702 54
3.116269580 54
3.117163940 54
3.118463764 54
3.120589751 54
3.121419554 54
3.122753461 54
3.122766624 54
3.123689784 54
3.124913516 54
3.127061067 54
3.129250981 54
3.129958276 54
3.131391020 54
3.131407192 54
3.134175787 54
3.134827210 54
3.134839023 54
3.137734933 54
3.140058207 54
3.140073838 54
3.143284589 54
3.144341709 54
3.144353345 54
3.146482897 54
3.150857009 54
3.150880634 54
3.151353172 54
3.153011153 54
3.153035083 54
3.157318865 54
3.159378944 54
3.159400509 54
3.160078704 54
3.161642806 54
3.161657054 54
3.165949293 54
3.168147534 55
3.168166025 55
3.170295726 55
3.171972546 55
3.171996694 55
3.172410723 55
3.172732582 55
3.172741194 55
3.177696097 55
3.177720249 55
3.178926238 55
3.180141036 55
3.181042626 55
3.182318569 55
3.183219910 55
3.185401894 55
3.186467785 55
3.187568579 55
3.187583248 55
3.191034650 55
3.191859658 55
3.191870574 55
3.194123102 55
3.195295479 55
3.195311085 55
3.197784221 55
3.200499497 55
3.200517898 55
3.202973264 55
3.202988584 55
3.204828999 55
3.204852021 55
3.208181532 55
3.209132953 55
3.209144948 55
3.211373367 55
3.214872099 55
3.214892745 55
3.215616991 55
3.217803243 55
3.217822029 55
3.221271998 55
3.221287110 55
3.222116088 55
3.224310795 55
3.224348634 55
3.226390505 55
3.226406982 55
3.227700371 55
3.230769840 55
3.232924889 55
3.233591454 55
3.233607243 55
3.235071535 55
3.237230509 55
3.238966742 56
3.239349893 56
3.239357866 56
3.241586108 56
3.244587365 56
3.244598498 56
3.245914447 56
3.248028934 56
3.248776208 56
3.250224516 56
3.250245983 56
3.253349316 56
3.254514602 56
3.254525869 56
3.257544713 56
3.258867268 56
3.258878624 56
3.260965566 56
3.262360000 56
3.263134910 56
3.265361670 56
3.265765814 56
3.267437196 56
3.267453792 56
3.269612225 56
3.271787888 56
3.271804903 56
3.273901624 56
3.273917058 56
3.275107084 56
3.278310418 56
3.278796855 56
3.280419951 56
3.280441798 56
3.282594116 56
3.283944832 56
3.284714582 56
3.286979303 56
3.288433225 56
3.289033783 56
3.289047145 56
3.290189500 56
3.293400191 56
3.293742687 56
3.295539976 56
3.295558539 56
3.297466421 56
3.298485371 56
3.298497880 56
3.301887575 56
3.304176971 56
3.304750172 56
3.304764693 56
3.306340495 56
3.307016681 56
3.308506983 56
3.311067398 57
3.312817308 57
3.315008477 57
3.315032326 57
3.316075196 57
3.316094115 57
3.317128841 57
3.319357660 57
3.320008857 57
3.320491333 57
3.320506055 57
3.323650464 57
3.326758777 57
3.326773070 57
3.327919426 57
3.328295647 57
3.330094587 57
3.332215079 57
3.332226886 57
3.334466211 57
3.336028978 57
3.336046942 57
3.336538879 57
3.340893211 57
3.340910497 57
3.343066704 57
3.343087802 57
3.345201817 57
3.347378454 57
3.349556670 57
3.350147630 57
3.350157100 57
3.351696026 57
3.353853797 57
3.354871375 57
3.356009016 57
3.356017664 57
3.359079572 57
3.360364209 57
3.360375903 57
3.363436097 57
3.364673733 57
3.364686399 57
3.367654385 57
3.369014911 57
3.369032281 57
3.371926259 57
3.373294111 57
3.373307437 57
3.374750982 57
3.376893694 57
3.376909487 57
3.379750956 57
3.381944740 57
3.382896388 57
3.382911177 57
3.384123680 57
3.384144658 58
3.387208987 58
3.388419680 58
3.388442554 58
3.392168453 58
3.392692370 58
3.392699929 58
3.394937470 58
3.397757179 58
3.397771047 58
3.399206337 58
3.400397294 58
3.401345809 58
3.401874036 58
3.402156234 58
3.405696350 58
3.406352696 58
3.407841326 58
3.407862653 58
3.410305554 58
3.410756287 58
3.410766534 58
3.414983576 58
3.416500478 58
3.416516190 58
3.419666847 58
3.420803742 58
3.420816424 58
3.423545997 58
3.423932898 58
3.423944423 58
3.428593189 58
3.429446879 58
3.429459698 58
3.431673776 58
3.434064910 58
3.434410763 58
3.434833216 58
3.434844630 58
3.440287695 58
3.441135981 58
3.441153298 58
3.442418768 58
3.442439574 58
3.444574235 58
3.446731350 58
3.447153521 58
3.448875911 58
3.448898067 58
3.453174017 58
3.456500385 58
3.456526374 58
3.457703408 58
3.460411129 58
3.460423051 58
3.460426088 58
3.460428596 58
3.461830890 58
3.463985459 59
3.464817741 59
3.466185979 59
3.466201349 59
3.469153384 59
3.470516815 59
3.470538468 59
3.472003166 59
3.472599198 59
3.474229781 59
3.476945641 59
3.476966855 59
3.479801889 59
3.479819523 59
3.480633195 59
3.480648430 59
3.483449658 59
3.486541276 59
3.486558645 59
3.487764434 59
3.488777519 59
3.489908492 59
3.491032081 59
3.492070606 59
3.494320751 59
3.495093381 59
3.495497384 59
3.495510877 59
3.497928044 59
3.500722724 59
3.500744564 59
3.503804999 59
3.503822311 59
3.505019400 59
3.507217714 59
3.507827241 59
3.509763603 59
3.509803946 59
3.511480525 59
3.511491842 59
3.513662710 59
3.515860523 59
3.515884117 59
3.518735322 59
3.518751678 59
3.520142295 59
3.522329858 59
3.524008684 59
3.524439079 59
3.524447956 59
3.526705987 59
3.530267804 59
3.530293406 59
3.530931760 59
3.533090683 59
3.533109734 59
3.535231464 59
3.535246808 59
3.536913526 59
3.539571506 60
3.539591186 60
3.542418892 60
3.542436169 60
3.543923824 60
3.546092137 60
3.547281787 60
3.548221682 60
3.548234746 60
3.550417078 60
3.551121034 60
3.551132217 60
3.555391723 60
3.556865760 60
3.556880288 60
3.559678988 60
3.560154914 60
3.560162885 60
3.563357624 60
3.565503761 60
3.565515693 60
3.568437843 60
3.569847271 60
3.569865033 60
3.572014498 60
3.572806890 60
3.574189190 60
3.575930452 60
3.576285078 60
3.577276131 60
3.577289555 60
3.580626419 60
3.582831197 60
3.583370924 60
3.583384365 60
3.583744290 60
3.584944627 60
3.587094594 60
3.589267696 60
3.589570843 60
3.591472190 60
3.591502733 60
3.594281017 60
3.595720100 60
3.595731259 60
3.600081150 60
3.602265712 60
3.602284721 60
3.602741531 60
3.604365346 60
3.604381279 60
3.607005956 60
3.608683261 60
3.608706666 60
3.611596675 60
3.613042143 60
3.613054144 60
3.615142846 60
3.616520283 60
3.616541100 60
3.617897506 61
3.619497593 61
3.621670693 61
3.621682257 61
3.622920933 61
3.623828472 61
3.625982407 61
3.628163181 61
3.630091704 61
3.631446990 61
3.631461133 61
3.632461876 61
3.634621988 61
3.635184132 61
3.636820012 61
3.636854558 61
3.638911312 61
3.640383124 61
3.641089937 61
3.643282334 61
3.645477045 61
3.646687828 61
3.646701315 61
3.647571233 61
3.649760081 61
3.651895733 61
3.652562268 61
3.652573397 61
3.654075915 61
3.654552149 61
3.656214021 61
3.657258454 61
3.658358391 61
3.660520800 61
3.660829026 61
3.662682420 61
3.662699646 61
3.665466420 61
3.667012099 61
3.667028136 61
3.670021656 61
3.671315515 61
3.671328451 61
3.673524309 61
3.674254854 61
3.675670900 61
3.677445533 61
3.678975684 61
3.682129008 61
3.684309981 61
3.686438317 61
3.688638200 61
3.691843895 61
3.692948171 61
3.695664776 62
3.697937209 62
3.700553559 62
3.704574604 62
3.705896449 62
3.708479503 62
3.712347005 62
3.714494002 62
3.716717240 62
3.719176349 62
3.723044065 62
3.726300332 62
3.726716602 62
3.728260057 62
3.733994101 62
3.735561067 62
3.736621101 62
3.740019048 62
3.741180911 62
3.744738118 62
3.746904368 62
3.750288801 62
3.751223628 62
3.755544885 62
3.757729250 62
3.758105800 62
3.762059753 62
3.765077956 62
3.768510866 62
3.770660356 62
3.772868542 62
3.774159362 63
3.779327314 63
3.781549663 63
3.782628577 63
3.786761301 63
3.787646580 63
3.790115343 63
3.794468288 63
3.797585494 63
3.798743072 63
3.801741041 63
3.803152610 63
3.806327746 63
3.807385203 63
3.812055051 63
3.813841203 63
3.819244550 63
3.820363550 63
3.821871744 63
3.824411507 63
3.827598669 63
3.828993748 63
3.833307696 63
3.835436159 63
3.836673954 63
3.839981153 63
3.841030485 63
3.846282843 63
3.848441304 63
3.850577890 63
3.854917138 63
3.857105350 63
3.859974166 64
3.861407074 64
3.865761421 64
3.867855351 64
3.868258494 64
3.872702619 64
3.874785100 64
3.878703647 64
3.883051836 64
3.885131898 64
3.887288933 64
3.891699755 64
3.893844398 64
3.895955466 64
3.900252232 64
3.902455885 64
3.904595146 64
3.907263590 64
3.907812169 64
3.913246310 64
3.915755501 64
3.916576051 64
3.924028822 64
3.926223612 64
3.926672552 64
3.930507237 64
3.932683778 64
3.935342326 64
3.936986337 64
3.939931999 64
3.944250102 64
3.945660973 64
3.949178125 65
3.949944451 65
3.954271130 65
3.954989467 65
3.959854173 65
3.960752891 65
3.966254944 65
3.966276192 65
3.967211946 65
3.969416476 64
3.970255382 63
3.971561573 63
3.971567889 62
3.974781082 62
3.975818110 61
3.975830199 61
3.978038840 60
3.980174887 60
3.980189103 59
3.982323205 59
3.983266240 58
3.984486252 58
3.986714558 57
3.987117568 57
3.987996408 56
3.988008788 56
3.990995391 55
3.993834760 55
3.993849549 54
3.995276909 54
3.997456486 53
3.998406243 53
3.999616606 52
3.999630125 52
4.002175780 51
4.002742212 51
4.002750204 50
4.006985336 50
4.008232367 49
4.008244219 49
4.011231434 48
4.012569694 48
4.012580679 47
4.015595930 47
4.016906629 46
4.016921968 46
4.020074999 45
4.021197254 45
4.021207477 44
4.023391990 44
4.025539132 43
4.025563192 43
4.027659717 42
4.028510727 42
4.029905596 41
4.032025784 41
4.032578457 40
4.034203683 40
4.034215546 39
4.036308319 39
4.037626155 38
4.038459186 38
4.040615725 37
4.042481184 37
4.042768584 36
4.042782629 36
4.044955942 35
4.047026652 35
4.049286761 34
4.050351132 34
4.050359584 33
4.050657229 32
4.052421743 32
4.052460182 32
4.054308665 33
4.055161668 33
4.055995074 33
4.057705378 33
4.058523526 33
4.059369697 33
4.060604448 33
4.061925118 33
4.063595964 33
4.064215501 33
4.065844265 33
4.066978939 33
4.068682275 33
4.071202887 33
4.072889409 33
4.075424271 33
4.078012217 33
4.080029842 33
4.083029089 33
4.086411633 33
4.088925969 33
4.090627984 33
4.091449524 33
4.094840948 34
4.096527299 34
4.099900366 34
4.102429977 34
4.104700497 34
4.106663127 34
4.109202013 34
4.111738893 34
4.114273210 34
4.115971742 34
4.119325132 34
4.121812973 34
4.123569825 34
4.126125976 34
4.128626845 34
4.130300764 34
4.133708124 34
4.135380091 35
4.138510362 35
4.141293634 35
4.143839300 35
4.145247684 35
4.148039074 35
4.150584722 35
4.152599978 35
4.155635857 35
4.157338878 35
4.160697044 35
4.162399792 35
4.164925681 35
4.167461408 35
4.169463219 35
4.172532339 35
4.175064702 35
4.177607660 35
4.179290579 36
4.182441635 36
4.184366917 36
4.186905362 36
4.189443452 36
4.191957939 36
4.193669530 36
4.197034603 36
4.198712582 36
4.201582061 36
4.203776236 36
4.206061085 36
4.208858386 36
4.211382623 36
4.213932499 36
4.216477062 36
4.218168099 36
4.220664203 36
4.223204449 37
4.225376984 37
4.228251785 37
4.229948550 37
4.233345110 37
4.234682076 37
4.238425694 37
4.240095769 37
4.241767134 37
4.245175775 37
4.247679785 37
4.249391946 37
4.252752758 37
4.254456851 37
4.256978636 37
4.258658995 37
4.262070218 37
4.264580096 37
4.267107368 38
4.269665575 38
4.271663118 38
4.274705487 38
4.276269890 38
4.278938178 38
4.280612075 38
4.283992633 38
4.286538223 38
4.288236698 38
4.290768842 38
4.294146756 38
4.295852663 38
4.298375155 38
4.300901066 38
4.303408201 38
4.305982245 38
4.308512083 38
4.311029279 38
4.312711144 39
4.315254850 39
4.317825008 39
4.320301305 39
4.322850013 39
4.325412038 39
4.327640069 39
4.328763530 39
4.332124643 39
4.334689286 39
4.337048725 39
4.339726517 39
4.341450483 39
4.344791185 39
4.346509247 39
4.349033470 39
4.350699664 39
4.354112725 39
4.355767064 39
4.359165875 39
4.361703189 40
4.364009884 40
4.366792546 40
4.368074735 40
4.370982458 40
4.373514594 40
4.376040977 40
4.377754102 40
4.380686915 40
4.383653481 40
4.385355435 40
4.387861854 40
4.390123191 40
4.392954926 40
4.395459142 40
4.398020457 40
4.399689994 40
4.403068857 40
4.404759769 40
4.407320268 40
4.409856851 41
4.412358194 41
4.414884941 41
4.417445277 41
4.419979500 41
4.421663243 41
4.423771690 41
4.426721257 41
4.429270038 41
4.431410770 41
4.433484606 41
4.436839769 41
4.439379831 41
4.441082701 41
4.443627501 41
4.446770419 41
4.448463917 41
4.451190940 41
4.453174838 41
4.456260753 41
4.457350526 42
4.460504768 42
4.463029666 42
4.465583813 42
4.468105943 42
4.470078810 42
4.473146001 42
4.475687955 42
4.477395995 42
4.479624706 42
4.482450481 42
4.484993784 42
4.487498540 42
4.489194205 42
4.492385394 42
4.495115409 42
4.496703465 42
4.499335413 42
4.501888956 42
4.504403226 42
4.506115129 42
4.509898486 43
4.510883530 43
4.514201618 43
4.516247433 43
4.518330653 43
4.520730530 43
4.523380516 43
4.526352434 43
4.528046012 43
4.531429643 43
4.533982178 43
4.535635652 43
4.538177513 43
4.540266990 43
4.543261176 43
4.544951244 43
4.548298609 43
4.550842070 43
4.552454053 43
4.555083778 43
4.557636745 43
4.559309069 43
4.562529752 44
4.565190788 44
4.567770816 44
4.570259608 44
4.571981626 44
4.574313949 44
4.577026776 44
4.578712500 44
4.582109900 44
4.584619976 44
4.586300528 44
4.588845545 44
4.591037157 44
4.593675274 44
4.596460097 44
4.598792281 44
4.601523275 44
4.602935550 44
4.606581511 44
4.608278935 44
4.610359294 44
4.613357968 44
4.615891325 45
4.618425105 45
4.620102225 45
4.622944081 45
4.625168458 45
4.627699592 45
4.630243582 45
4.632776124 45
4.636971940 45
4.636984484 45
4.640102292 45
4.642904693 45
4.644584374 45
4.647103202 45
4.649697606 45
4.651834108 45
4.653884074 45
4.656739229 45
4.659767563 45
4.661469660 45
4.664843365 45
4.666530747 45
4.668720207 46
4.671600143 46
4.674149934 46
4.675818194 46
4.679207479 46
4.681754096 46
4.683858790 46
4.685422658 46
4.688492064 46
4.691042483 46
4.693271972 46
4.696085749 46
4.698291135 46
4.701159809 46
4.702533572 46
4.705393905 46
4.707057814 46
4.710325332 46
4.712132349 46
4.715502254 46
4.718056301 46
4.720574216 46
4.722330314 46
4.724817304 47
4.727354758 47
4.729896168 47
4.731545627 47
4.734526040 47
4.737483962 47
4.739499424 47
4.741709435 47
4.744243083 47
4.746764308 47
4.748440136 47
4.750972678 47
4.753528307 47
4.756894645 47
4.759290238 47
4.761117845 47
4.763359524 47
4.766206111 47
4.767888435 47
4.770701627 47
4.773851803 47
4.776314771 47
4.778843133 47
4.780530409 47
4.783083698 48
4.785623988 48
4.788131395 48
4.789818552 48
4.792383928 48
4.795739265 48
4.797223278 48
4.799959057 48
4.802498175 48
4.805034652 48
4.806705048 48
4.808786775 48
4.812634249 48
4.815169514 48
4.816018137 48
4.819381449 48
4.821925906 48
4.824187905 48
4.826134935 48
4.829515817 48
4.831207955 48
4.833744049 48
4.836297561 48
4.838827936 48
4.841374352 49
4.843759021 49
4.846390950 49
4.848091648 49
4.851474132 49
4.853183050 49
4.855712294 49
4.858227411 49
4.860572580 49
4.863311832 49
4.865865764 49
4.868371159 49
4.870048256 49
4.872585959 49
4.875116180 49
4.877673969 49
4.880177178 49
4.881900418 49
4.885240915 49
4.887772056 49
4.889507998 49
4.891901209 49
4.894532244 49
4.897070744 49
4.898760361 50
4.902139834 50
4.904334366 50
4.906380863 50
4.908699948 50
4.911416274 50
4.914002606 50
4.916500906 50
4.918200593 50
4.921562134 50
4.924104029 50
4.925810148 50
4.928333604 50
4.930578716 50
4.933403198 50
4.934952939 50
4.938449284 50
4.940994851 50
4.943526842 50
4.945208542 50
4.947736967 50
4.950272891 50
4.952218118 50
4.955327563 50
4.957702935 50
4.960409275 51
4.962085859 51
4.964380906 51
4.967183090 51
4.968834236 51
4.972214200 51
4.974758313 51
4.976447913 51
4.979686180 51
4.981534445 51
4.983898686 51
4.986582894 51
4.988289966 51
4.990824261 51
4.994189424 51
4.996705290 51
4.998403664 51
5.000930678 51
5.002618140 51
5.006025052 51
5.008544391 51
5.011074508 51
5.013031228 51
5.016151179 51
5.017675335 51
5.020371977 51
5.022885684 52
5.024982396 52
5.027969223 52
5.029719893 52
5.033017261 52
5.035563520 52
5.036735644 52
5.039233431 52
5.042325054 52
5.043991166 52
5.047368379 52
5.049929547 52
5.052063752 52
5.053638271 52
5.056428918 52
5.058954966 52
5.061494121 52
5.063989324 52
5.065919699 52
5.068283474 52
5.070845772 52
5.073441291 52
5.075987190 52
5.078465260 52
5.080343132 52
5.082868263 52
5.085397913 53
5.087903366 53
5.090432036 53
5.092965957 53
5.095468022 53
5.097382605 53
5.099877178 53
5.102389285 53
5.104916072 53
5.107420143 53
5.110554928 53
5.112446283 53
5.114357145 53
5.116862647 53
5.119394774 53
5.121806587 53
5.124419627 53
5.126599723 53
5.128821967 53
5.131342817 53
5.133875631 53
5.136400099 53
5.138922644 53
5.141436003 53
5.143933997 53
5.145545009 53
5.148332932 54
5.150851220 54
5.153387985 54
5.155886185 54
5.158421000 54
5.160290365 54
5.162553959 54
5.165335858 54
5.167878510 54
5.170372759 54
5.172896335 54
5.175397719 54
5.177310524 54
5.179817602 54
5.182327276 54
5.184832534 54
5.187388947 54
5.190511075 54
5.193685888 54
5.194300205 54
5.196807865 54
5.199317233 54
5.201858390 54
5.204199397 54
5.206875946 54
5.208685583 54
5.211283855 54
5.213167157 55
5.216333641 55
5.218846677 55
5.221054147 55
5.223873826 55
5.225773217 55
5.228296302 55
5.230814390 55
5.233349934 55
5.235843318 55
5.238170385 55
5.240241449 55
5.242756362 55
5.245281142 55
5.247159315 55
5.250326238 55
5.252838994 55
5.255352925 55
5.257251131 55
5.259756101 55
5.261984055 55
5.264792025 55
5.267317147 55
5.269952373 55
5.271729312 55
5.274234976 55
5.276750132 55
5.279278780 55
5.281817031 56
5.283671765 56
5.286618557 56
5.288712557 56
5.291248907 56
5.293765826 56
5.296271102 56
5.298802367 56
5.301310493 56
5.303810793 56
5.305727360 56
5.308226002 56
5.311375414 56
5.312626448 56
5.315807701 56
5.318130448 56
5.320181879 56
5.322705843 56
5.325231004 56
5.327747385 56
5.330255653 56
5.332717260 56
5.335292791 56
5.336895995 56
5.339702679 56
5.342253615 56
5.344452450 56
5.347140853 56
5.349440464 57
5.351669547 57
5.354180795 57
5.356328251 57
5.359221442 57
5.361771476 57
5.364256990 57
5.366778294 57
5.368671525 57
5.371180402 57
5.373711395 57
5.376215323 57
5.378094020 57
5.381255594 57
5.383760966 57
5.385670359 57
5.388165089 57
5.390684673 57
5.393261683 57
5.395724302 57
5.398244327 57
5.400141484 57
5.402653001 57
5.405162950 57
5.407698762 57
5.410210997 57
5.412725227 57
5.415180236 57
5.417131638 58
5.419641761 58
5.422158160 58
5.424694832 58
5.427210418 58
5.430135012 58
5.432237028 58
5.433852943 58
5.436652870 58
5.438794690 58
5.441095966 58
5.444218065 58
5.446720190 58
5.448603525 58
5.451119739 58
5.453640663 58
5.456158075 58
5.458679780 58
5.460821810 58
5.463706096 58
5.465252309 58
5.468166695 58
5.469998019 58
5.473157254 58
5.475680296 58
5.478207176 58
5.479766341 58
5.482591954 58
5.485130142 58
5.487415253 59
5.490163960 59
5.492674225 59
5.494570755 59
5.497076065 59
5.499608563 59
5.502113754 59
5.504635865 59
5.507146315 59
5.510075423 59
5.511863739 59
5.514065964 59
5.516574216 59
5.519111002 59
5.521642221 59
5.523929316 59
5.526694348 59
5.528571769 59
5.531066889 59
5.533599108 59
5.535805158 59
5.538624020 59
5.541162748 59
5.543679798 59
5.545586556 59
5.548067177 59
5.550589274 59
5.553055475 59
5.555648558 59
5.558118606 59
5.560023914 60
5.562546899 60
5.565064594 60
5.567588840 60
5.570109660 60
5.572620086 60
5.574504439 60
5.577044741 60
5.579532782 60
5.581865826 60
5.584580565 60
5.587109485 60
5.589637349 60
5.591248758 60
5.594020959 60
5.596538657 60
5.599053724 60
5.601604486 60
5.604096536 60
5.606603488 60
5.608496252 60
5.611016730 60
5.613543148 60
5.616074678 60
5.617949088 60
5.621086195 60
5.622979432 60
5.625140302 60
5.627998893 60
5.630189403 60
5.632408152 61
5.635568637 61
5.637478193 61
5.639975187 61
5.642485514 61
5.645004132 61
5.647541147 61
5.649746236 61
5.652561273 61
5.655080042 61
5.656982751 61
5.659485461 61
5.661667518 61
5.664526585 61
5.666412446 61
5.669419577 61
5.671462791 61
5.673981385 61
5.676500651 61
5.678998397 61
5.681284253 61
5.684044344 61
5.686550357 61
5.688481474 61
5.690605548 61
5.693505508 61
5.695994384 61
5.698456638 61
5.700210254 61
5.702927782 61
5.705479586 62
5.707957556 62
5.711097635 62
5.713000197 62
5.715511913 62
5.717435341 62
5.719443296 62
5.722442954 62
5.724955893 62
5.727508327 62
5.730024448 62
5.731877635 62
5.735019615 62
5.736300608 62
5.739428779 62
5.741957452 62
5.744483623 62
5.748881144 62
5.748904158 62
5.752041438 62
5.753939581 62
5.756457868 62
5.758953199 62
5.761497369 62
5.763991389 62
5.766499822 62
5.769021238 62
5.770843212 62
5.773451513 62
5.775666546 62
5.778483316 62
5.780995673 63
5.783498245 63
5.786004577 63
5.787913077 63
5.790439475 63
5.792972632 63
5.795475884 63
5.797976641 63
5.799853836 63
5.801783109 63
5.803010297 63
5.803514280 62
5.804907103 61
5.806156422 61
5.807410946 60
5.808683065 60
5.809931006 59
5.811202710 59
5.812459960 58
5.813736833 58
5.815009987 57
5.815589622 57
5.816925175 56
5.818141617 56
5.819404144 55
5.820645038 55
5.821914747 54
5.823175896 54
5.824421143 53
5.825700837 53
5.826927004 52
5.828084485 52
5.829489224 51
5.830716264 51
5.831972981 50
5.833242490 50
5.834494868 49
5.835122239 49
5.836153553 48
5.837658637 48
5.838893270 47
5.840152096 47
5.841444043 46
5.842668246 46
5.843938200 45
5.844856786 45
5.845836115 44
5.847709658 44
5.848968584 43
5.850217391 43
5.850848106 42
5.851833357 42
5.853410358 41
5.854627755 41
5.855903548 40
5.857147153 40
5.858412573 39
5.859689567 39
5.860723320 38
5.862195720 38
5.863445267 37
5.864703614 37
5.865860241 36
5.866605403 36
5.867866618 35
5.869108306 35
5.870367266 34
5.871637362 34
5.872880164 33
5.874153444 31
5.874798726 31
5.876662200 31
5.877940041 31
5.879171473 31
5.879835177 31
5.881716151 31
5.882713792 31
5.883580889 31
5.884839900 31
5.886105881 31
5.887362091 31
5.888628843 31
5.889902712 31
5.891158052 31
5.892035025 31
5.893037472 31
5.894297111 31
5.896172841 31
5.896803648 31
5.898062526 31
5.899319848 31
5.900579685 31
5.901202285 31
5.903102795 31
5.904376904 31
5.905644663 31
5.906875785 31
5.908143693 31
5.909225321 31
5.910006244 31
5.911922126 31
5.913181831 31
5.914315525 32
5.915092642 32
5.916328461 32
5.917325597 32
5.918838785 32
5.919466065 32
5.921374522 32
5.922630674 32
5.923533308 32
5.924495057 32
5.925775983 32
5.927644211 32
5.928108856 32
5.930797454 32
5.933357926 32
5.935840790 32
5.938367289 32
5.940884084 32
5.943427121 32
5.945913652 32
5.947161483 32
5.950332543 32
5.952833191 32
5.955369825 33
5.957897883 33
5.960395691 33
5.962267854 33
5.964519423 33
5.967310702 33
5.969842211 33
5.972087506 33
5.974874798 33
5.977414857 33
5.979269793 33
5.981819197 33
5.984301947 33
5.986831631 33
5.988709151 33
5.991867373 33
5.994373528 34
5.995944213 34
5.998783936 34
6.001300135 34
6.003833570 34
6.005735231 34
6.008869265 34
6.010759556 34
6.012938704 34
6.015813530 34
6.018329624 34
6.020828602 34
6.023337255 34
6.025869266 34
6.027761813 34
6.030258877 34
6.032149733 34
6.035316660 35
6.037844985 35
6.040334321 35
6.042216457 35
6.044526898 35
6.047256944 35
6.049804175 35
6.052302913 35
6.054467127 35
6.056967091 35
6.058954649 35
6.061483174 35
6.063944503 35
6.066447591 35
6.068933929 35
6.071432502 35
6.073719571 35
6.075925382 35
6.078418825 36
6.080906668 36
6.083404851 36
6.085773036 36
6.088409162 36
6.090395539 36
6.092921831 36
6.095273474 36
6.097870865 36
6.100370476 36
6.102317796 36
6.105377772 36
6.107861242 36
6.109670687 36
6.112346788 36
6.114847424 36
6.117361387 36
6.119828557 36
6.122324546 37
6.124139358 37
6.126818408 37
6.129336740 37
6.131807144 37
6.134325321 37
6.136802438 37
6.139291354 37
6.141103903 37
6.143784505 37
6.146284476 37
6.148776864 37
6.151260952 37
6.153775624 37
6.156258273 37
6.158250954 37
6.160756596 37
6.163243493 37
6.165782450 38
6.168277286 38
6.170731700 38
6.173232808 38
6.175225911 38
6.177734406 38
6.180214763 38
6.182720409 38
6.185200237 38
6.187699774 38
6.190194515 38
6.192197239 38
6.194481847 38
6.197189065 38
6.199664025 38
6.202170202 38
6.204669659 38
6.207163404 38
6.209154954 38
6.211647829 39
6.214137952 39
6.216644096 39
6.219132204 39
6.221636453 39
6.224134602 39
6.226126170 39
6.228625077 39
6.231104502 39
6.233631056 39
6.236098337 39
6.238594005 39
6.240596038 39
6.243093013 39
6.245597545 39
6.247946788 39
6.250576688 39
6.253063293 39
6.255558764 39
6.257590378 39
6.260065270 40
6.262541429 40
6.264894994 40
6.267539786 40
6.270027264 40
6.272524407 40
6.274536833 40
6.277018025 40
6.279511502 40
6.281942744 40
6.284508506 40
6.287006762 40
6.289474708 40
6.291509719 40
6.293978292 40
6.296480975 40
6.298976700 40
6.301490683 40
6.303971313 40
6.306468241 40
6.308444684 41
6.312485582 41
6.313463391 41
6.315955996 41
6.318428606 41
6.320926046 41
6.323427833 41
6.325432581 41
6.327911447 41
6.330366985 41
6.332901078 41
6.335402217 41
6.337896486 41
6.340391068 41
6.342384887 41
6.344876610 41
6.347374667 41
6.349869747 41
6.352383214 41
6.354863038 41
6.357370835 42
6.359352190 42
6.361862224 42
6.364362246 42
6.366840643 42
6.369352930 42
6.371826884 42
6.374328324 42
6.376323134 42
6.378819604 42
6.381322125 42
6.383811384 42
6.386301920 42
6.388793828 42
6.390802163 42
6.393307723 42
6.395811350 42
6.398070011 42
6.400764491 42
6.403266105 42
6.405783338 42
6.407745864 43
6.410237876 43
6.412738904 43
6.415008602 43
6.417533811 43
6.420255967 43
6.422723752 43
6.424710795 43
6.427230678 43
6.429721190 43
6.432204294 43
6.434700287 43
6.437150548 43
6.439689411 43
6.441546744 43
6.444177630 43
6.446670297 43
6.449172490 43
6.451462503 43
6.454183060 43
6.456656894 43
6.459162281 43
6.461142699 44
6.463640200 44
6.465661836 44
6.468629891 44
6.470960922 44
6.473637733 44
6.475624311 44
6.478109271 44
6.480600774 44
6.482956828 44
6.485619688 44
6.488087181 44
6.490595597 44
6.492582511 44
6.495083164 44
6.497608120 44
6.500085835 44
6.502558311 44
6.505053151 44
6.507561696 44
6.510009537 44
6.512046218 44
6.514537285 45
6.517031321 45
6.519308232 45
6.522024457 45
6.524031271 45
6.526507151 45
6.528844692 45
6.531524803 45
6.533997164 45
6.536498175 45
6.539015772 45
6.540994470 45
6.543496236 45
6.546036346 45
6.548472839 45
6.550960632 45
6.553471754 45
6.555955858 45
6.557941839 45
6.560226670 45
6.562951469 45
6.565448118 45
6.567972393 46
6.570439800 46
6.572922192 46
6.574920897 46
6.577433881 46
6.579915375 46
6.582400334 46
6.584892472 46
6.587392514 46
6.589885715 46
6.591876997 46
6.594392187 46
6.596883770 46
6.599359022 46
6.601518298 46
6.604358064 46
6.606342067 46
6.608847873 46
6.611339929 46
6.613409726 46
6.616334204 46
6.618827123 46
6.621356521 46
6.623824073 47
6.625813448 47
6.628320397 47
6.630797853 47
6.633333018 47
6.635806962 47
6.638289971 47
6.640787387 47
6.642774914 47
6.645274457 47
6.647770174 47
6.650266531 47
6.652780584 47
6.655253357 47
6.657759062 47
6.659749403 47
6.662231977 47
6.664731096 47
6.667236448 47
6.669739273 47
6.672240836 47
6.674208211 47
6.676720900 47
6.679195765 47
6.681711229 48
6.684690242 48
6.686695154 48
6.688683639 48
6.691177621 48
6.693684183 48
6.696167898 48
6.698480885 48
6.701161225 48
6.703655607 48
6.706159326 48
6.708155273 48
6.711144893 48
6.713131611 48
6.715631936 48
6.718153083 48
6.720628980 48
6.723119250 48
6.725104820 48
6.727601875 48
6.730103581 48
6.732322184 48
6.735096303 48
6.737599996 48
6.740101156 49
6.742072972 49
6.744565967 49
6.747065070 49
6.749586671 49
6.752074771 49
6.754551671 49
6.757048556 49
6.759039435 49
6.761452336 49
6.764016691 49
6.766523211 49
6.769022965 49
6.771521164 49
6.773523166 49
6.776002833 49
6.778498224 49
6.780995657 49
6.783497301 49
6.785989191 49
6.788486172 49
6.790485174 49
6.792993845 49
6.795465104 49
6.797833467 50
6.800464186 50
6.802965436 50
6.805479440 50
6.807444234 50
6.809948851 50
6.812251190 50
6.814933767 50
6.817443064 50
6.819926002 50
6.822422609 50
6.824315981 50
6.826905400 50
6.829276549 50
6.831851514 50
6.834410556 50
6.836379203 50
6.839382699 50
6.841383460 50
6.843863804 50
6.846367224 50
6.848877503 50
6.851353885 50
6.853852842 50
6.856331154 50
6.858333511 51
6.860838755 51
6.863327711 51
6.865849424 51
6.868336266 51
6.870812876 51
6.873171095 51
6.875306015 51
6.877804454 51
6.880291706 51
6.884774146 51
6.884787027 51
6.887789633 51
6.890278640 51
6.892271605 51
6.894758436 51
6.897024995 51
6.899755491 51
6.902257089 51
6.904746701 51
6.906744014 51
6.909239164 51
6.911732939 51
6.914231432 51
6.916716687 51
6.919053079 51
6.921725486 52
6.923710599 52
6.926202166 52
6.928486588 52
6.931203356 52
6.933718370 52
6.936185177 52
6.938684573 52
6.940672558 52
6.943198635 52
6.945685836 52
6.948159567 52
6.950645848 52
6.953151133 52
6.955140680 52
6.957656682 52
6.960136089 52
6.962642941 52
6.965131372 52
6.967623107 52
6.970114785 52
6.972611896 52
6.974609388 52
6.977095784 52
6.979591495 52
6.982091670 52
6.984588934 53
6.987086623 53
6.989598452 53
6.991581153 53
6.994065513 53
6.996599250 53
6.999071358 53
7.001566230 53
7.004054060 53
7.006542656 53
7.008537500 53
7.011033485 53
7.013549425 53
7.016050863 53
7.018535608 53
7.021008206 53
7.023007281 53
7.025515690 53
7.028002373 53
7.030492437 53
7.032994970 53
7.035484184 53
7.037982512 53
7.040504106 53
7.042472431 53
7.044852147 53
7.047461587 54
7.049955861 54
7.052475933 54
7.055008094 54
7.056986683 54
7.059488929 54
7.061978359 54
7.064399557 54
7.066970959 54
7.069478788 54
7.071971763 54
7.073972486 54
7.076233523 54
7.078937017 54
7.081454692 54
7.083836116 54
7.086437274 54
7.088927149 54
7.090932511 54
7.093286488 54
7.095914186 54
7.098422346 54
7.100900291 54
7.103405558 54
7.105423060 54
7.107884106 54
7.110690875 54
7.112877538 55
7.115369682 55
7.117887461 55
7.120362360 55
7.122222868 55
7.124847167 55
7.127353426 55
7.129729408 55
7.132339306 55
7.134836525 55
7.137359396 55
7.139322809 55
7.141826792 55
7.144309213 55
7.146812741 55
7.149296513 55
7.151751938 55
7.154297489 55
7.156285590 55
7.158776678 55
7.161279194 55
7.163776652 55
7.166274224 55
7.168765887 55
7.171269902 55
7.173252160 55
7.175742996 55
7.178260114 55
7.180734556 56
7.183251186 56
7.185752610 56
7.188241760 56
7.190214736 56
7.192721888 56
7.195203687 56
7.197716878 56
7.200114510 56
7.202696061 56
7.205204318 56
7.207178884 56
7.209489044 56
7.212170020 56
7.214665382 56
7.217164592 56
7.219683445 56
7.222060873 56
7.224147734 56
7.226543473 56
7.229138123 56
7.231641126 56
7.234131130 56
7.236125115 56
7.238622055 56
7.241116939 56
7.243615610 56
7.246101466 56
7.248333136 57
7.251121794 57
7.253680530 57
7.255581738 57
7.258084502 57
7.260577134 57
7.262856085 57
7.265588329 57
7.268085188 57
7.270568640 57
7.272560826 57
7.275047029 57
7.277589524 57
7.280040953 57
7.282553069 57
7.285035075 57
7.287528897 57
7.289538777 57
7.292031416 57
7.294515927 57
7.296837451 57
7.299002055 57
7.301997880 57
7.304510131 57
7.306480515 57
7.308971168 57
7.311468069 57
7.313996894 57
7.316464805 58
7.318958998 58
7.320953604 58
7.323459026 58
7.325947166 58
7.328437061 58
7.330936357 58
7.333451754 58
7.335933460 58
7.337917373 58
7.340214377 58
7.342921314 58
7.345435148 58
7.347897369 58
7.350408249 58
7.352894443 58
7.355413370 58
7.357390248 58
7.359893435 58
7.362374052 58
7.364865362 58
7.367362532 58
7.369857315 58
7.372374784 58
7.374343620 58
7.377153710 58
7.379342220 58
7.381845672 58
7.384825005 58
7.386341264 59
7.388814692 59
7.391307396 59
7.393814101 59
7.396299733 59
7.398801849 59
7.401298997 59
7.403787611 59
7.405784107 59
7.408282871 59
7.410770502 59
7.413268233 59
7.415780383 59
7.418202308 59
7.420764761 59
7.422654603 59
7.425017218 59
7.427735991 59
7.430234152 59
7.432740655 59
7.435226085 59
7.438222401 59
7.440529047 59
7.442203273 59
7.444707353 59
7.447200275 59
7.449718353 59
7.451972045 59
7.454688451 59
7.456688219 59
7.459175253 60
7.461683512 60
7.464168814 60
7.466669623 60
7.469154635 60
7.471656189 60
7.473661666 60
7.476143515 60
7.478523140 60
7.481128806 60
7.483629921 60
7.486123461 60
7.488620640 60
7.490609970 60
7.493135711 60
7.495612207 60
7.498100191 60
7.500597608 60
7.502601669 60
7.505619674 60
7.507578005 60
7.510590430 60
7.512563333 60
7.515065967 60
7.517579826 60
7.520054050 60
7.522043307 60
7.524545989 60
7.527040311 60
7.529547941 60
7.532031339 61
7.534526335 61
7.537018881 61
7.539012185 61
7.541521834 61
7.544000073 61
7.546503421 61
7.549005062 61
7.553993484 61
7.554009334 61
7.555974233 61
7.558466911 61
7.560988209 61
7.563460108 61
7.565973029 61
7.568476931 61
7.570448763 61
7.572945175 61
7.576948842 61
7.577934140 61
7.580429143 61
7.582616638 61
7.758071865 61
7.758090027 61
7.758095225 61
7.758099190 61
7.758102487 61
7.760075407 61
7.760089996 61
7.763584128 61
7.763602078 61
7.765569752 62
7.768064291 62
7.770562806 62
7.772763794 62
7.775539695 62
7.778070988 62
7.780528016 62
7.782519456 62
7.785025122 62
7.787512236 62
7.790005505 62
7.792496402 62
7.794998528 62
7.797513481 62
7.799491313 62
7.801990476 62
7.804478509 62
7.806978076 62
7.809521842 62
7.811967418 62
7.813963267 62
7.816455701 62
7.818989770 62
7.821441550 62
7.823938409 62
7.826435833 62
7.828939044 62
7.831440202 62
7.833437110 62
7.835913012 62
7.838412374 62
7.840931710 63
7.843420445 63
7.845906561 63
7.848392520 63
7.850384139 63
7.852897994 63
7.855394586 63
7.857866320 63
7.860367417 63
7.862872090 63
7.864859019 63
7.867357093 63
7.869846119 63
7.872347760 63
7.874835337 63
7.877375138 63
7.879827861 63
7.882342415 63
7.884329532 63
7.886812477 63
7.889322306 63
7.891798231 63
7.894309628 63
7.896789410 63
7.898776816 63
7.901280856 63
7.903778054 63
7.905287032 63
7.906273162 63
7.907287490 62
7.908769569 61
7.909786312 61
7.911267669 60
7.912267307 60
7.913787218 59
7.914752121 59
7.915770569 58
7.917244040 58
7.918263769 57
7.919243240 57
7.920752065 56
7.922244538 56
7.923235019 55
7.924231524 55
7.925746844 54
7.926726151 53
7.928167264 52
7.929234292 52
7.930730887 51
7.931724440 51
7.932600478 50
7.934231948 50
7.935209481 49
7.936213867 49
7.938209412 48
7.939207417 48
7.940097231 47
7.941213029 47
7.942699282 46
7.943616204 46
7.945196727 45
7.946117803 45
7.947696860 44
7.948684363 44
7.949698242 43
7.951212145 43
7.952175661 42
7.953695965 42
7.954670695 41
7.955670102 41
7.957170847 40
7.958031525 40
7.959669207 39
7.960660329 39
7.962000313 38
7.963156310 38
7.964657750 37
7.965418052 37
7.966678599 36
7.968180022 36
7.969145141 35
7.970134304 35
7.971636060 34
7.973141485 34
7.974139230 33
7.975127237 33
7.976632261 32
7.978132106 31
7.981121320 31
7.981135138 31
7.981648158 31
7.982580695 31
7.983644328 31
7.985111988 31
7.986124560 31
7.987618962 31
7.988603982 31
7.990126650 31
7.991144732 31
7.991913465 32
7.993617065 32
7.994593170 32
7.996098113 32
7.997086547 32
7.998597512 32
7.999589264 32
8.000575943 32
8.001599090 32
8.003078365 32
8.003961903 32
8.005588529 32
8.006570574 32
8.009086169 32
8.011556975 32
8.014053708 32
8.016566988 32
8.018946536 32
8.021565629 32
8.023554764 32
8.026030615 32
8.028518919 32
8.031025865 32
8.033383640 33
8.036018747 33
8.038520754 33
8.040499873 33
8.043026807 33
8.045501625 33
8.047988430 33
8.050479040 33
8.053034147 33
8.055530869 33
8.057522391 33
8.060003807 33
8.062532214 33
8.065003333 33
8.067304195 33
8.069869307 33
8.071987434 34
8.074487557 34
8.076976980 34
8.079353446 34
8.081975153 34
8.084473440 34
8.086959385 34
8.088838841 34
8.091443453 34
8.093948815 34
8.096446450 34
8.098937638 34
8.100946648 34
8.103923150 34
8.105917601 34
8.108407145 34
8.110903424 34
8.113425746 35
8.115909223 35
8.118405654 35
8.120906450 35
8.122884438 35
8.125903688 35
8.127868364 35
8.130374513 35
8.132861026 35
8.135357719 35
8.138367669 35
8.139845551 35
8.142356178 35
8.144840005 35
8.147336006 35
8.149824654 35
8.152346284 35
8.154329809 35
8.156814459 36
8.159317347 36
8.161806339 36
8.164300608 36
8.166797410 36
8.169288297 36
8.171845228 36
8.173805818 36
8.176272534 36
8.178775344 36
8.181268110 36
8.183762101 36
8.186261158 36
8.188035159 36
8.190672159 36
8.193273661 36
8.195750344 36
8.198232802 36
8.200729892 37
8.203226093 37
8.205217131 37
8.207706247 37
8.210198946 37
8.212715644 37
8.215200264 37
8.217701543 37
8.220205343 37
8.222189378 37
8.224681303 37
8.227173957 37
8.229682990 37
8.232166283 37
8.234664156 37
8.237158243 37
8.239142017 37
8.241659756 37
8.244132282 38
8.246631644 38
8.249147933 38
8.251636711 38
8.254115893 38
8.256134875 38
8.258613479 38
8.261105299 38
8.263614706 38
8.266106695 38
8.268587706 38
8.271102306 38
8.273078985 38
8.275575083 38
8.278067172 38
8.280572785 38
8.283074891 38
8.285587173 38
8.288050294 38
8.289831342 39
8.292537277 39
8.295040768 39
8.297568706 39
8.300026866 39
8.302522787 39
8.305029574 39
8.307015577 39
8.309518629 39
8.312010634 39
8.314510378 39
8.316987680 39
8.319487822 39
8.321989016 39
8.323974637 39
8.326249194 39
8.328824093 39
8.331465376 39
8.333966170 39
8.336488033 39
8.338973713 40
8.340958842 40
8.343453863 40
8.345935751 40
8.348428129 40
8.350933823 40
8.353434049 40
8.355443276 40
8.357905138 40
8.360399695 40
8.362904617 40
8.365408809 40
8.367902529 40
8.370457167 40
8.372393560 40
8.374878756 40
8.377389721 40
8.379871314 40
8.382363424 40
8.384855731 40
8.387358516 41
8.389368918 41
8.391840739 41
8.394184601 41
8.396843981 41
8.399328752 41
8.401658198 41
8.404327134 41
8.406320197 41
8.408805879 41
8.411307325 41
8.413817044 41
8.416147191 41
8.418785924 41
8.421283508 41
8.423282583 41
8.425792679 41
8.428266420 41
8.430758226 41
8.433265781 41
8.435757872 42
8.437782788 42
8.440030755 42
8.442756902 42
8.445230010 42
8.447728019 42
8.450227230 42
8.452718708 42
8.455214159 42
8.457210003 42
8.459708842 42
8.462195027 42
8.464708070 42
8.467190913 42
8.469691483 42
8.471679856 42
8.474191552 42
8.476664129 42
8.479164337 42
8.481625668 42
8.484151823 42
8.486636870 43
8.488657755 43
8.491171766 43
8.493735424 43
8.496146303 43
8.498627721 43
8.501122696 43
8.503616723 43
8.505643139 43
8.508101429 43
8.510597638 43
8.513118650 43
8.515613472 43
8.518110058 43
8.520586122 43
8.522573886 43
8.525081969 43
8.527368466 43
8.530058864 43
8.532577313 43
8.534858866 43
8.540308928 43
8.541561471 44
8.542530632 44
8.545031274 44
8.547534749 44
8.550026335 44
8.552531888 44
8.554519395 44
8.557015861 44
8.559508885 44
8.561999617 44
8.564495477 44
8.566989016 44
8.569576699 44
8.571982743 44
8.573978631 44
8.576464434 44
8.578972872 44
8.581479856 44
8.583952255 44
8.586446230 44
8.588965970 44
8.590954814 44
8.593459195 45
8.595937284 45
8.598429518 45
8.600936678 45
8.603255993 45
8.605924581 45
8.607900053 45
8.610394508 45
8.612893526 45
8.615400150 45
8.617902303 45
8.620400965 45
8.622367478 45
8.624863327 45
8.627372180 45
8.629865288 45
8.632372648 45
8.634746211 45
8.637372347 45
8.639337556 45
8.641838357 45
8.644341015 45
8.646825061 46
8.649350065 46
8.651842735 46
8.654315828 46
8.656301482 46
8.658616479 46
8.661295525 46
8.663801023 46
8.666226875 46
8.668778829 46
8.671280956 46
8.673269313 46
8.675774849 46
8.678262910 46
8.680754320 46
8.683545892 46
8.685772620 46
8.688246512 46
8.690242279 46
8.692517505 46
8.695230100 46
8.697766851 46
8.700213737 46
8.702661707 47
8.705210538 47
8.707200498 47
8.709728811 47
8.712207019 47
8.714715269 47
8.717196057 47
8.719683867 47
8.721682180 47
8.724164342 47
8.726673038 47
8.729154026 47
8.731654623 47
8.734154436 47
8.736642036 47
8.739157164 47
8.741153184 47
8.743633324 47
8.746140974 47
8.748622093 47
8.751115636 47
8.753399134 47
8.755604547 47
8.758100682 47
8.760589215 48
8.763094371 48
8.765609112 48
8.768102942 48
8.770580259 48
8.773073732 48
8.775070263 48
8.777578436 48
8.780065817 48
8.782561417 48
8.785046680 48
8.787574393 48
8.789574376 48
8.792036164 48
8.794522845 48
8.797027683 48
8.799521471 48
8.802011084 48
8.804330701 48
8.806503859 48
8.808995816 48
8.811488984 48
8.814010280 48
8.816479337 48
8.818991880 49
8.821508997 49
8.823468196 49
8.825959663 49
8.828465888 49
8.830953532 49
8.833460696 49
8.835733373 49
8.838447065 49
8.840435964 49
8.842948472 49
8.845464837 49
8.847917003 49
8.850413901 49
8.852911383 49
8.855405246 49
8.857413402 49
8.859927117 49
8.862388826 49
8.864906718 49
8.867419650 49
8.869876465 49
8.872371513 49
8.874366218 49
8.876874219 50
8.879349855 50
8.881862438 50
8.884347420 50
8.886849182 50
8.889359143 50
8.891375486 50
8.893824140 50
8.896336117 50
8.898825233 50
8.901335970 50
8.903810950 50
8.906310562 50
8.908313080 50
8.910573334 50
8.913288613 50
8.915767519 50
8.918309208 50
8.920772696 50
8.922772497 50
8.925263139 50
8.927758704 50
8.930162424 50
8.932752013 50
8.935242644 50
8.938168546 51
8.939737875 51
8.942229660 51
8.944725021 51
8.947208562 51
8.949739217 51
8.952212700 51
8.954715797 51
8.956699095 51
8.959200708 51
8.961711465 51
8.964205781 51
8.966682666 51
8.969175179 51
8.971676096 51
8.973676442 51
8.976157682 51
8.978655920 51
8.981158440 51
8.983642353 51
8.986146329 51
8.988647330 51
8.990637305 51
8.993154853 51
8.995641092 51
8.998117117 51
9.000606902 52
9.002934912 52
9.005628564 52
9.007365990 52
9.010089423 52
9.012595246 52
9.015084841 52
9.017597661 52
9.020076024 52
9.022572212 52
9.024561274 52
9.027071442 52
9.029581227 52
9.032052620 52
9.034549163 52
9.037051463 52
9.039036444 52
9.041558791 52
9.044022932 52
9.046523379 52
9.049021026 52
9.051517071 52
9.054012548 52
9.055995088 52
9.058493345 52
9.060990834 52
9.063499750 53
9.065986569 53
9.068495654 53
9.070974199 53
9.072960347 53
9.075472346 53
9.077952303 53
9.080451860 53
9.082859375 53
9.084953086 53
9.087941420 53
9.089930190 53
9.092424510 53
9.094940433 53
9.097917273 53
9.101426646 53
9.102400056 53
9.104919981 53
9.106895075 53
9.109412362 53
9.111883039 53
9.114384887 53
9.116888923 53
9.119369677 53
9.121878227 53
9.123864193 53
9.126354005 54
9.128853103 54
9.131213724 54
9.133865542 54
9.136353505 54
9.138837991 54
9.140859997 54
9.143353591 54
9.145841774 54
9.148315529 54
9.150810335 54
9.153363322 54
9.155300466 54
9.157808978 54
9.160284170 54
9.162783982 54
9.165291168 54
9.167796124 54
9.170010201 54
9.172269424 54
9.174712109 54
9.177254929 54
9.179746713 54
9.182035915 54
9.184742637 54
9.187247026 54
9.189228876 54
9.191729920 55
9.194152028 55
9.196727065 55
9.199216133 55
9.201720165 55
9.204234361 55
9.206200175 55
9.208687305 55
9.211184082 55
9.213510377 55
9.216193261 55
9.218678357 55
9.221174931 55
9.223157829 55
9.225674058 55
9.228144583 55
9.230580307 55
9.233144392 55
9.235655807 55
9.238131957 55
9.240122735 55
9.242626432 55
9.245112684 55
9.247616163 55
9.250104706 55
9.252603157 55
9.255112162 55
9.257102170 55
9.259585654 56
9.262078770 56
9.264578497 56
9.267098808 56
9.269584726 56
9.271561396 56
9.274060545 56
9.276564991 56
9.279044288 56
9.281562127 56
9.284046884 56
9.286537931 56
9.289031467 56
9.290606111 56
9.293542292 56
9.296008363 56
9.298440597 56
9.301005366 56
9.303505227 56
9.305812159 56
9.307990294 56
9.310486338 56
9.312976470 56
9.315484189 56
9.317982231 56
9.320468129 56
9.322459154 56
9.324959465 56
9.327447212 57
9.329950008 57
9.332440946 57
9.334934622 57
9.338154859 57
9.339421261 57
9.341917025 57
9.344413516 57
9.346915789 57
9.349427700 57
9.351907940 57
9.354418392 57
9.356391495 57
9.358886829 57
9.361401436 57
9.363878039 57
9.366377077 57
9.368702261 57
9.371284048 57
9.373375787 57
9.375859575 57
9.378347390 57
9.380869502 57
9.383342080 57
9.385842415 57
9.388330392 57
9.390314737 57
9.392817159 57
9.395318811 58
9.397825013 58
9.400317424 58
9.402796859 58
9.405296264 58
9.407288027 58
9.409796964 58
9.412274470 58
9.414779662 58
9.417272199 58
9.419786601 58
9.422272243 58
9.424275096 58
9.426748505 58
9.429242991 58
9.431760623 58
9.434241749 58
9.436731571 58
9.438730280 58
9.441221099 58
9.443735572 58
9.446215984 58
9.448721267 58
9.451201283 58
9.453717520 58
9.455695082 58
9.458199224 58
9.460680162 58
9.463182452 58
9.465693411 59
9.468190318 59
9.470673399 59
9.472656378 59
9.475168907 59
9.477664566 59
9.480155703 59
9.482641130 59
9.485133548 59
9.487630931 59
9.489642250 59
9.492114735 59
9.494636321 59
9.497103960 59
9.499602151 59
9.502098076 59
9.504602100 59
9.506598575 59
9.508858231 59
9.511575486 59
9.514071732 59
9.516567971 59
9.519066278 59
9.521582192 59
9.523553788 59
9.525989089 59
9.528542245 59
9.531035511 59
9.533559017 59
9.536043700 59
9.539018564 60
9.540516816 60
9.543033248 60
9.545527436 60
9.548007381 60
9.550410632 60
9.553002913 60
9.555499061 60
9.557506236 60
9.559980911 60
9.562349701 60
9.564976169 60
9.567479437 60
9.569963665 60
9.572459935 60
9.574365927 60
9.576944236 60
9.579463774 60
9.581958369 60
9.584436846 60
9.586925382 60
9.589457151 60
9.591417105 60
9.593916253 60
9.596410141 60
9.598815455 60
9.601428612 60
9.603903557 60
9.605883675 60
9.608391574 60
9.610874190 61
9.613410159 61
9.615891703 61
9.618384999 61
9.620875054 61
9.622685427 61
9.625383993 61
9.627839110 61
9.630348873 61
9.632834275 61
9.635332324 61
9.637835964 61
9.639826982 61
9.642311447 61
9.644806077 61
9.647563186 61
9.649794652 61
9.652308702 61
9.654287437 61
9.656790054 61
9.660787628 61
9.661789301 61
9.664275677 61
9.666770098 61
9.669268550 61
9.671766188 61
9.673760064 61
9.676242924 61
9.678753714 61
9.681233953 61
9.683735285 62
9.686229966 62
9.688723574 62
9.690731093 62
9.693234469 62
9.695702742 62
9.697996852 62
9.700707285 62
9.703199772 62
9.705727547 62
9.707683591 62
9.710174378 62
9.712714954 62
9.715179837 62
9.717686050 62
9.720161060 62
9.722661528 62
9.724645107 62
9.727146035 62
9.729662893 62
9.732134180 62
9.734621192 62
9.737142324 62
9.739128177 62
9.741627808 62
9.744112955 62
9.746430613 62
9.749097701 62
9.751602309 62
9.753600584 62
9.756090078 62
9.758574739 63
9.761068512 63
9.763575818 63
9.766087890 63
9.767087187 63
9.768570722 63
9.769586824 62
9.770550507 61
9.772058298 61
9.773050217 60
9.774548151 60
9.775540663 59
9.776940148 59
9.778046757 58
9.779558069 58
9.780535303 57
9.781364727 57
9.783038541 56
9.784024854 56
9.785535543 55
9.786526154 55
9.787521359 54
9.789016236 54
9.790032934 53
9.791515136 53
9.792501813 52
9.794009982 52
9.795027228 51
9.796015242 51
9.797516786 50
9.798508738 50
9.799999863 49
9.800986518 49
9.802495448 48
9.803486835 48
9.804492514 47
9.805978911 47
9.806974298 46
9.808471640 46
9.809501656 45
9.810907849 45
9.811968721 44
9.813503640 44
9.814466313 43
9.815457895 43
9.816963330 42
9.817964853 42
9.819479685 41
9.820453632 41
9.821957048 40
9.822948561 40
9.823943355 39
9.825462370 39
9.826446891 38
9.827438998 38
9.828936691 37
9.830440974 37
9.831434572 36
9.832444814 36
9.833925439 35
9.834956596 35
9.836428673 34
9.837429939 34
9.838918635 33
9.839913383 33
9.840920702 32
9.842410429 31
9.843410873 31
9.844914294 31
9.845913584 31
9.846890997 31
9.848404858 31
9.849416454 31
9.850902391 31
9.851897452 31
9.853415723 31
9.854386770 31
9.855376348 31
9.856879171 31
9.857873445 31
9.859167223 31
9.860386267 31
9.861867341 31
9.862876772 31
9.863867743 31
9.865375151 31
9.866231278 31
9.867871133 31
9.868856238 31
9.870130192 31
9.871359191 31
9.872344537 31
9.873791917 31
9.874850840 31
9.876346176 31
9.877358274 31
9.878838293 31
9.879831435 31
9.880827310 31
9.882128735 32
9.883332728 32
9.884323611 32
9.885822743 32
9.887317394 32
9.888312777 32
9.889333431 32
9.890600727 32
9.891815685 32
9.893354766 32
9.894305022 32
9.895803943 32
9.896797346 32
9.899249372 32
9.901819119 32
9.904293143 32
9.906279289 32
9.908785825 32
9.911265196 32
9.913790483 32
9.916264899 32
9.918753429 32
9.921254821 32
9.923245428 33
9.925753129 33
9.928232004 33
9.930736974 33
9.933225345 33
9.935721954 33
9.938715431 33
9.940211787 33
9.942708322 33
9.945204152 33
9.947701724 33
9.950074246 33
9.952691035 33
9.954691086 33
9.957179938 33
9.959667504 33
9.962200392 34
9.964672744 34
9.967161195 34
9.969661602 34
9.972159883 34
9.974149303 34
9.976662330 34
9.979151146 34
9.981731899 34
9.984130564 34
9.986630434 34
9.988614762 34
9.991160087 34
9.993621419 34
9.996117555 34
9.998602925 34
10.001090180 34
10.003601451 35
10.005599183 35
10.008092271 35
10.010573466 35
10.013071418 35
10.015573085 35
10.018082612 35
10.020563287 35
10.022544481 35
10.025070391 35
10.027564204 35
10.030034543 35
10.032528736 35
10.035054928 35
10.037411296 35
10.039522382 35
10.042012658 35
10.044517306 35
10.047001070 36
10.049504863 36
10.051993819 36
10.054031391 36
10.056520853 36
10.059024207 36
10.062024415 36
10.064015478 36
10.066528622 36
10.068853380 36
10.071019657 36
10.073510975 36
10.075990449 36
10.078491708 36
10.080986799 36
10.083497045 36
10.085982664 36
10.087967682 36
10.090455392 37
10.092990087 37
10.095454840 37
10.097946349 37
10.100440419 37
10.102440433 37
10.104936439 37
10.107422822 37
10.109951823 37
10.112438962 37
10.114927706 37
10.117531137 37
10.119916758 37
10.121896090 37
10.124406691 37
10.126894177 37
10.129399760 37
10.131886412 37
10.134379719 38
10.136365919 38
10.138858921 38
10.140969478 38
10.143869432 38
10.146358229 38
10.148845218 38
10.151352907 38
10.153833667 38
10.155831215 38
10.158325840 38
10.160594018 38
10.163316726 38
10.165838459 38
10.168316114 38
10.170298480 38
10.172790416 38
10.175308393 38
10.177803175 38
10.180282040 39
10.182276242 39
10.184541847 39
10.187261917 39
10.189788393 39
10.192255816 39
10.194760107 39
10.197083097 39
10.199743654 39
10.202233584 39
10.204232536 39
10.206734260 39
10.209224828 39
10.211740009 39
10.214219023 39
10.216716780 39
10.219211419 39
10.221206976 39
10.223726986 39
10.226184790 39
10.228558687 40
10.231179638 40
10.233688844 40
10.236171124 40
10.239661302 40
10.241076614 40
10.243178285 40
10.245434450 40
10.248146499 40
10.250634729 40
10.253141792 40
10.255133027 40
10.257643000 40
10.260117325 40
10.262620100 40
10.265106584 40
10.267617570 40
10.269600359 40
10.272098542 40
10.274604085 40
10.277099063 41
10.279587412 41
10.282083456 41
10.284576545 41
10.286569917 41
10.289062418 41
10.291555522 41
10.294084109 41
10.296550998 41
10.299048840 41
10.301556007 41
10.303533714 41
10.306035523 41
10.308522874 41
10.311516155 41
10.313331833 41
10.316029990 41
10.318533433 41
10.320525239 41
10.322985894 41
10.325520691 42
10.327997389 42
10.330483842 42
10.332981139 42
10.335470749 42
10.337894795 42
10.339961470 42
10.342460404 42
10.344949801 42
10.347442484 42
10.349829462 42
10.352302451 42
10.354438909 42
10.356923456 42
10.359411664 42
10.361936033 42
10.364407321 42
10.366583792 42
10.369417557 42
10.371233077 42
10.373888197 42
10.376391155 43
10.378896736 43
10.381397377 43
10.383875653 43
10.386365434 43
10.388171896 43
10.390698860 43
10.393375572 43
10.395844795 43
10.398355565 43
10.400838087 43
10.403359930 43
10.405344372 43
10.407844278 43
10.410333232 43
10.412812770 43
10.415323659 43
10.417835020 43
10.420306280 43
10.422133374 43
10.424787589 43
10.427285562 43
10.429806069 44
10.432276508 44
10.434783317 44
10.436659100 44
10.439258067 44
10.441783805 44
10.444252973 44
10.446749034 44
10.449238869 44
10.451749157 44
10.453532663 44
10.456226001 44
10.459221019 44
10.461211766 44
10.463507483 44
10.466208208 44
10.468717164 44
10.470690243 44
10.472989611 44
10.475683235 44
10.478181321 44
10.480679923 44
10.483189400 45
10.485696041 45
10.487464131 45
10.490156213 45
10.492653031 45
10.495151276 45
10.497660957 45
10.499898570 45
10.502440373 45
10.504634001 45
10.507139254 45
10.509623786 45
10.512110209 45
10.514626165 45
10.517051827 45
10.519602280 45
10.521363780 45
10.524090586 45
10.526594770 45
10.529079797 45
10.531578435 45
10.534098776 45
10.536568909 46
10.539062099 46
10.541068894 46
10.543576391 46
10.546065019 46
10.548540321 46
10.551050105 46
10.553558816 46
10.555531558 46
10.557952148 46
10.560513516 46
10.563017615 46
10.565457349 46
10.568023687 46
10.569996352 46
10.572484895 46
10.574985560 46
10.577516848 46
10.579994186 46
10.582469609 46
10.584471249 46
10.586963730 46
10.589486771 46
10.591740127 47
10.594445483 47
10.596951837 47
10.599438557 47
10.601938929 47
10.603928425 47
10.606325232 47
10.608937360 47
10.611417689 47
10.613906326 47
10.616416281 47
10.618900680 47
10.620890057 47
10.623392474 47
10.625882352 47
10.628381317 47
10.630881961 47
10.633391093 47
10.635866938 47
10.637854173 47
10.640363745 47
10.642882087 47
10.645124033 47
10.647836429 47
10.650343462 48
10.652841054 48
10.654852299 48
10.657343935 48
10.659818773 48
10.662311863 48
10.664636336 48
10.667294596 48
10.669813313 48
10.671827783 48
10.674321821 48
10.676783329 48
10.679279362 48
10.681797039 48
10.684267024 48
10.686777459 48
10.688754460 48
10.691250854 48
10.693774248 48
10.696245926 48
10.698701000 48
10.701232339 48
10.703039384 48
10.705755058 48
10.708220395 49
10.710714853 49
10.713219885 49
10.715705391 49
10.718233591 49
10.720191183 49
10.722681518 49
10.725202592 49
10.727683910 49
10.730176230 49
10.732665565 49
10.735168200 49
10.737156924 49
10.739657889 49
10.742146418 49
10.744659652 49
10.747138682 49
10.749663440 49
10.752131670 49
10.754120188 49
10.756457083 49
10.759115296 49
10.761620051 49
10.764106384 49
10.766610952 50
10.769096528 50
10.771082239 50
10.773605953 50
10.776086448 50
10.778573698 50
10.781092105 50
10.783570911 50
10.785587894 50
10.788049803 50
10.790554912 50
10.793063770 50
10.796553547 50
10.798054950 50
10.800532278 50
10.802530607 50
10.805021658 50
10.807524230 50
10.810008220 50
10.812531887 50
10.815006629 50
10.817520394 50
10.820006418 50
10.822002484 50
10.824492463 50
10.826976910 51
10.829328474 51
10.831948154 51
10.834463749 51
10.836960669 51
10.838950787 51
10.841380934 51
10.843945303 51
10.846442041 51
10.848733494 51
10.851435189 51
10.853442106 51
10.855913125 51
10.858412604 51
10.860907365 51
10.863410669 51
10.865926568 51
10.868416184 51
10.870396388 51
10.872526336 51
10.875378502 51
10.877885296 51
10.880366072 51
10.882867938 51
10.885390301 51
10.887351499 51
10.889848551 52
10.892386555 52
10.894846077 52
10.897356382 52
10.899830013 52
10.902340502 52
10.904320257 52
10.906814890 52
10.909261257 52
10.911825257 52
10.914306227 52
10.916800836 52
10.919305095 52
10.921297518 52
10.923786878 52
10.926283120 52
10.928783547 52
10.931266163 52
10.933778998 52
10.936274985 52
10.938758728 52
10.940751042 52
10.943092508 52
10.945768166 52
10.948229532 52
10.950731879 52
10.953242315 53
10.955215020 53
10.957719441 53
10.960214969 53
10.962720376 53
10.965212557 53
10.967689894 53
10.970199087 53
10.972180513 53
10.974678785 53
10.977104219 53
10.979671891 53
10.982153382 53
10.984658152 53
10.987161753 53
10.989147125 53
10.991646526 53
10.994155636 53
10.996630557 53
10.999135330 53
11.001644254 53
11.003625491 53
11.006109958 53
11.008607623 53
11.011100905 53
11.013618927 53
11.016091799 54
11.018598987 54
11.020580751 54
11.023073339 54
11.025251166 54
11.028069647 54
11.030562783 54
11.033062959 54
11.035583889 54
11.037568399 54
11.040046702 54
11.042540845 54
11.045035748 54
11.047541073 54
11.050033501 54
11.052528732 54
11.054727075 54
11.057240439 54
11.059721248 54
11.062214915 54
11.064196935 54
11.066717636 54
11.069199738 54
11.071702527 54
11.074186839 54
11.076686011 54
11.079076510 54
11.081165982 55
11.083668248 55
11.086156380 55
11.088661893 55
11.091183205 55
11.093679735 55
11.096151808 55
11.098157357 55
11.100633481 55
11.103124481 55
11.105667063 55
11.108119067 55
11.110624061 55
11.113133555 55
11.115105026 55
11.117618221 55
11.120093020 55
11.122495177 55
11.125084002 55
11.127567547 55
11.129615901 55
11.132066071 55
11.134565842 55
11.137050535 55
11.139558058 55
11.141924128 55
11.144552376 55
11.146540512 55
11.149031471 56
11.151477554 56
11.154031088 56
11.156537417 56
11.159019031 56
11.161547375 56
11.163501231 56
11.166012099 56
11.168523241 56
11.170998896 56
11.173499298 56
11.175984191 56
11.177978676 56
11.180466699 56
11.182961022 56
11.185525211 56
11.187963954 56
11.190453713 56
11.192966296 56
11.194944252 56
11.197441986 56
11.199929001 56
11.202245814 56
11.204933073 56
11.207421110 56
11.209909111 56
11.212288444 56
11.214396965 56
11.216902168 57
11.219393711 57
11.221894669 57
11.224387008 57
11.226372924 57
11.229215034 57
11.231367849 57
11.233862345 57
11.236359574 57
11.238870271 57
11.241371183 57
11.243854971 57
11.246155701 57
11.248331383 57
11.250834142 57
11.253340626 57
11.255816274 57
11.258321029 57
11.260811453 57
11.262804310 57
11.265299630 57
11.267296564 57
11.270294955 57
11.272720872 57
11.275285559 57
11.277808067 57
11.279774187 57
11.282272828 57
11.284791018 58
11.287254573 58
11.289560450 58
11.292250846 58
11.294761926 58
11.296738385 58
11.299236107 58
11.301749692 58
11.304245179 58
11.306735934 58
11.309210918 58
11.311704086 58
11.313718240 58
11.316223948 58
11.318691020 58
11.321186341 58
11.323707578 58
11.326176742 58
11.328678599 58
11.330690600 58
11.333164040 58
11.335654659 58
11.338508431 58
11.341165644 58
11.343173946 58
11.345667911 58
11.347655884 58
11.350129587 58
11.352618524 58
11.355118196 59
11.357639565 59
11.360117763 59
11.362611536 59
11.364601361 59
11.367092267 59
11.369472786 59
11.372088606 59
11.374575202 59
11.377035851 59
11.379095350 59
11.381583971 59
11.384055601 59
11.386387839 59
11.389048209 59
11.391549563 59
11.394050637 59
11.396043765 59
11.398527667 59
11.401021394 59
11.403544125 59
11.406021488 59
11.408513942 59
11.411017185 59
11.413006120 59
11.415496874 59
11.418003013 59
11.420510651 59
11.422992976 59
11.425495855 59
11.427971128 60
11.429967824 60
11.432467345 60
11.434868255 60
11.437468923 60
11.439954404 60
11.442366735 60
11.444948552 60
11.446959031 60
11.449445341 60
11.451924119 60
11.454359176 60
11.456921362 60
11.458901471 60
11.461921476 60
11.463896495 60
11.466393174 60
11.468885109 60
11.471387774 60
11.473879209 60
11.475877857 60
11.478880722 60
11.480874817 60
11.483376001 60
11.485879575 60
11.488347040 60
11.490862443 60
11.493367546 60
11.495835655 60
11.497829267 60
11.500334420 61
11.502816745 61
11.505357040 61
11.507816058 61
11.509813144 61
11.512805032 61
11.514690383 61
11.517292560 61
11.519783934 61
11.522286020 61
11.524803269 61
11.527278321 61
11.529269028 61
11.531779952 61
11.534261008 61
11.536751998 61
11.539306139 61
11.541246771 61
11.544246344 61
11.546225162 61
11.548728763 61
11.551218136 61
11.553507668 61
11.556212673 61
11.558715342 61
11.561200898 61
11.563212058 61
11.565707722 61
11.568210459 61
11.570683038 61
11.573184747 62
11.575676790 62
11.578175768 62
11.580166633 62
11.582675314 62
11.585153961 62
11.587657334 62
11.590032245 62
11.592640763 62
11.595172705 62
11.597150194 62
11.599620538 62
11.602114310 62
11.604619355 62
11.607115817 62
11.609624818 62
11.612109811 62
11.614100031 62
11.616586187 62
11.619081390 62
11.621605156 62
11.624073575 62
11.626593567 62
11.629085519 62
11.630828669 62
11.633574382 62
11.636066316 62
11.638545511 62
11.641057870 62
11.643549499 62
11.646032937 62
11.648023704 63
11.650521352 63
11.653022035 63
11.655516091 63
11.656513114 63
11.658011939 63
11.659020915 62
11.660508202 61
11.661516175 61
11.662369537 60
11.663990384 60
11.665000522 59
11.666360957 59
11.667495802 58
11.668998299 58
11.669984435 57
11.670899720 57
11.672522208 56
11.673205217 56
11.674977695 55
11.675985586 55
11.676970221 54
11.678463978 54
11.679459680 53
11.680984813 53
11.681961432 52
11.683462216 52
11.684452131 51
11.685959480 51
11.686947676 50
11.687944273 50
11.689471162 49
11.690435209 49
11.691905495 48
11.692844769 48
11.694448260 47
11.695431461 47
11.696319552 46
11.697926492 46
11.698926598 45
11.700430042 45
11.701442284 44
11.703070480 44
11.703909990 43
11.704915715 43
11.706406735 42
11.707404573 42
11.708921420 41
11.709895063 41
11.711403254 40
11.712420865 40
11.713401449 39
11.714888030 39
11.715905051 38
11.716890107 38
11.718391420 37
11.719895459 37
11.720710440 36
11.721876799 36
11.723372968 35
11.724374043 35
11.725886164 34
11.726867435 34
11.728369265 33
11.729136587 33
11.730365713 32
11.731855083 31
11.732849424 31
11.734352885 31
11.735349675 31
11.736858727 31
11.738343030 31
11.738630760 31
11.740339649 31
11.741348849 31
11.742330804 31
11.743862532 31
11.744836681 31
11.746330925 31
11.747345129 31
11.748830879 31
11.749787134 31
11.751318732 31
11.752329238 31
11.753330853 31
11.754817135 31
11.755805849 31
11.757372770 31
11.758306424 31
11.759800845 31
11.760674648 31
11.762303938 31
11.763291831 31
11.764284574 31
11.765809802 31
11.766787349 31
11.768317880 31
11.769275173 31
11.770273036 31
11.771770130 32
11.772771729 32
11.774279253 32
11.775087238 32
11.776768005 32
11.777781906 32
11.778767093 32
11.780255761 32
11.781253506 32
11.782757868 32
11.783752176 32
11.785275593 32
11.786241310 32
11.788747251 32
11.790851138 32
11.793765898 32
11.796234826 32
11.798226120 32
11.800720040 32
11.803218167 32
11.805732872 32
11.808254241 32
11.810704871 32
11.812688872 33
11.815075753 33
11.817695825 33
11.820178232 33
11.822680092 33
11.825190989 33
11.827668369 33
11.829677703 33
11.832156491 33
11.834648926 33
11.837163139 33
11.839645760 33
11.842140547 33
11.844657408 33
11.846625287 33
11.849109474 33
11.851611653 34
11.854065519 34
11.856603762 34
11.859102617 34
11.861625878 34
11.863594661 34
11.866107259 34
11.868627500 34
11.871080093 34
11.873578430 34
11.876074756 34
11.878560839 34
11.880553558 34
11.883047941 34
11.885597287 34
11.888048744 34
11.890537548 34
11.893053937 35
11.895025012 35
11.897534404 35
11.900033414 35
11.902507894 35
11.905006885 35
11.907513568 35
