1478089840.266247,75700
1478089840.271943,77214
1478089840.276667,77214
1478089840.281466,78728
1478089840.286475,78728
1478089840.291110,80242
1478089840.295615,80242
1478089840.299529,80242
1478089840.304372,80242
1478089840.309289,80242
1478089840.313824,78728
1478089840.318567,80242
1478089840.323287,80242
1478089840.328647,78728
1478089840.333764,80242
1478089840.339255,80242
1478089840.344651,80242
1478089840.350025,80242
1478089840.355386,81756
1478089840.360620,81756
1478089840.365802,80242
1478089840.371306,81756
1478089840.376334,81756
1478089840.382401,80242
1478089840.387478,81756
1478089840.393416,81756
1478089840.398373,81756
1478089840.405139,81756
1478089840.410627,80242
1478089840.415788,81756
1478089840.420784,83270
1478089840.426368,83270
1478089840.431289,81756
1478089840.436330,81756
1478089840.441325,83270
1478089840.446024,83270
1478089840.450938,83270
1478089840.456037,83270
1478089840.460336,81756
1478089840.464700,83270
1478089840.468591,83270
1478089840.472640,83270
1478089840.478202,83270
1478089840.482728,83270
1478089840.487830,83270
1478089840.494240,84784
1478089840.499164,84784
1478089840.504238,83270
1478089840.510122,83270
1478089840.515067,84784
1478089840.519556,84784
1478089840.524340,84784
1478089840.529046,84784
1478089840.533672,84784
1478089840.538977,83270
1478089840.544200,83270
1478089840.549335,84784
1478089840.554581,84784
1478089840.559810,86298
1478089840.564885,86298
1478089840.570143,86298
1478089840.575101,86298
1478089840.581349,84784
1478089840.586506,84784
1478089840.590926,86298
1478089840.595339,86298
1478089840.599446,86298
1478089840.603400,86298
1478089840.607341,86298
1478089840.612042,86298
1478089840.616438,86298
1478089840.620709,86298
1478089840.625766,86298
1478089840.630496,87812
1478089840.635541,87812
1478089840.640467,87812
1478089840.645629,86298
1478089840.650770,87812
1478089840.655309,86298
1478089840.659927,87812
1478089840.666046,86298
1478089840.671719,87812
1478089840.677168,86298
1478089840.682425,87812
1478089840.687245,87812
1478089840.692240,87812
1478089840.698978,86298
1478089840.704060,87812
1478089840.708781,87812
1478089840.713247,89326
1478089840.717569,89326
1478089840.721630,89326
1478089840.726264,89326
1478089840.730121,89326
1478089840.734672,89326
1478089840.738552,89326
1478089840.742741,89326
1478089840.746635,89326
1478089840.750900,87812
1478089840.756607,89326
1478089840.761907,87812
1478089840.767061,89326
1478089840.771622,87812
1478089840.776865,90840
1478089840.782036,90840
1478089840.786617,90840
1478089840.790989,89326
1478089840.795483,90840
1478089840.800022,90840
1478089840.804505,89326
1478089840.809113,90840
1478089840.814088,89326
1478089840.819195,90840
1478089840.824462,90840
1478089840.829023,90840
1478089840.833849,90840
1478089840.838541,89326
1478089840.844075,89326
1478089840.850482,90840
1478089840.855041,92354
1478089840.860103,92354
1478089840.864792,90840
1478089840.868725,92354
1478089840.872920,92354
1478089840.876958,92354
1478089840.880972,92354
1478089840.885236,92354
1478089840.889526,92354
1478089840.894361,92354
1478089840.899202,92354
1478089840.903960,92354
1478089840.908904,92354
1478089840.913733,92354
1478089840.918315,90840
1478089840.923238,93868
1478089840.927735,90840
1478089840.932883,87812
1478089840.939373,83270
1478089840.944272,80242
1478089840.949104,77214
1478089840.954008,74186
1478089840.958995,71158
1478089840.964506,68130
1478089840.969182,63588
1478089840.974136,62074
1478089840.979340,59046
1478089840.984034,56018
1478089840.988507,51476
1478089840.993272,49962
1478089840.997921,45420
1478089841.002408,43906
1478089841.006908,40878
1478089841.011113,37850
1478089841.019731,31794
1478089841.023907,30280
1478089841.028184,25738
1478089841.032508,24224
1478089841.036911,21196
1478089841.040916,22710
1478089841.045480,22710
1478089841.049511,22710
1478089841.054005,21196
1478089841.058020,24224
1478089841.062473,22710
1478089841.066360,24224
1478089841.071558,24224
1478089841.075519,24224
1478089841.079519,25738
1478089841.084101,25738
1478089841.088997,24224
1478089841.093943,24224
1478089841.098378,25738
1478089841.103416,27252
1478089841.108722,27252
1478089841.113268,25738
1478089841.118399,27252
1478089841.122994,28766
1478089841.127870,27252
1478089841.132476,27252
1478089841.137609,28766
1478089841.142876,28766
1478089841.147637,30280
1478089841.152432,30280
1478089841.158768,30280
1478089841.164375,30280
1478089841.169273,30280
1478089841.174230,31794
1478089841.178543,30280
1478089841.183751,31794
1478089841.188239,30280
1478089841.193535,31794
1478089841.198219,31794
1478089841.202572,33308
1478089841.207241,33308
1478089841.211095,33308
1478089841.215645,33308
1478089841.219589,33308
1478089841.224023,33308
1478089841.238093,33308
1478089841.259137,36336
1478089841.280964,36336
1478089841.285505,36336
1478089841.290102,36336
1478089841.295047,36336
1478089841.299837,37850
1478089841.305116,37850
1478089841.310440,37850
1478089841.314960,37850
1478089841.319409,39364
1478089841.324305,39364
1478089841.329546,39364
1478089841.335453,39364
1478089841.340238,39364
1478089841.344236,39364
1478089841.348284,39364
1478089841.353070,40878
1478089841.357410,40878
1478089841.361314,40878
1478089841.365264,40878
1478089841.369822,40878
1478089841.374030,40878
1478089841.379306,40878
1478089841.383928,40878
1478089841.388537,42392
1478089841.394198,40878
1478089841.399134,42392
1478089841.404267,42392
1478089841.408964,40878
1478089841.414353,42392
1478089841.420308,43906
1478089841.426034,43906
1478089841.430677,43906
1478089841.435785,43906
1478089841.440339,43906
1478089841.444986,42392
1478089841.451345,42392
1478089841.456636,45420
1478089841.461476,45420
1478089841.466550,45420
1478089841.471274,45420
1478089841.476754,43906
1478089841.481346,45420
1478089841.486043,45420
1478089841.490198,45420
1478089841.494089,46934
1478089841.498202,46934
1478089841.502000,45420
1478089841.507883,45420
1478089841.511940,46934
1478089841.516704,45420
1478089841.521594,45420
1478089841.526250,46934
1478089841.532134,46934
1478089841.537194,48448
1478089841.542496,48448
1478089841.547765,48448
1478089841.552473,48448
1478089841.557419,48448
1478089841.561986,48448
1478089841.566806,48448
1478089841.571785,48448
1478089841.576429,49962
1478089841.581732,48448
1478089841.586531,49962
1478089841.591763,49962
1478089841.598345,49962
1478089841.603013,49962
1478089841.608007,49962
1478089841.613542,51476
1478089841.618342,49962
1478089841.623268,51476
1478089841.627984,51476
1478089841.632751,49962
1478089841.637665,49962
1478089841.641810,51476
1478089841.646284,49962
1478089841.650446,51476
1478089841.654787,51476
1478089841.658598,52990
1478089841.663368,52990
1478089841.667955,52990
1478089841.672837,51476
1478089841.677665,52990
1478089841.683161,52990
1478089841.688328,52990
1478089841.693175,52990
1478089841.697602,52990
1478089841.702644,54504
1478089841.708582,54504
1478089841.713588,54504
1478089841.718187,54504
1478089841.723401,52990
1478089841.728136,54504
1478089841.732918,54504
1478089841.737992,52990
1478089841.742646,54504
1478089841.747941,56018
1478089841.752663,56018
1478089841.757623,54504
1478089841.762390,56018
1478089841.767143,56018
1478089841.773300,56018
1478089841.777635,56018
1478089841.781704,56018
1478089841.786212,56018
1478089841.790425,57532
1478089841.795173,57532
1478089841.799507,57532
1478089841.806002,54504
1478089841.810019,56018
1478089841.814241,56018
1478089841.818606,57532
1478089841.823025,57532
1478089841.827069,57532
1478089841.831371,56018
1478089841.835435,57532
1478089841.839515,57532
1478089841.843443,59046
1478089841.847530,59046
1478089841.852057,59046
1478089841.856590,57532
1478089841.861568,59046
1478089841.866368,59046
1478089841.871774,59046
1478089841.876442,57532
1478089841.881653,59046
1478089841.887100,59046
1478089841.891896,60560
1478089841.896658,59046
1478089841.902245,60560
1478089841.907274,60560
1478089841.911605,60560
1478089841.916365,60560
1478089841.921129,59046
1478089841.926111,60560
1478089841.930753,59046
1478089841.935739,59046
1478089841.940176,62074
1478089841.945661,60560
1478089841.952146,62074
1478089841.956747,62074
1478089841.961462,62074
1478089841.966611,62074
1478089841.971012,62074
1478089841.975611,60560
1478089841.979827,62074
1478089841.984809,62074
1478089841.989126,63588
1478089841.993121,63588
1478089841.997302,63588
1478089842.001498,63588
1478089842.006673,63588
1478089842.011152,63588
1478089842.015953,63588
1478089842.020728,63588
1478089842.025512,63588
1478089842.030537,63588
1478089842.035680,63588
1478089842.040702,63588
1478089842.045960,63588
1478089842.050448,65102
1478089842.055299,63588
1478089842.060266,63588
1478089842.064850,65102
1478089842.070253,65102
1478089842.075539,65102
1478089842.080725,63588
1478089842.086136,65102
1478089842.091297,65102
1478089842.095932,66616
1478089842.101072,66616
1478089842.106859,65102
1478089842.111549,66616
1478089842.116810,66616
1478089842.120978,65102
1478089842.125743,65102
1478089842.129794,66616
1478089842.134342,65102
1478089842.138209,66616
1478089842.142665,65102
1478089842.146969,68130
1478089842.152491,68130
1478089842.157856,68130
1478089842.162241,66616
1478089842.166946,68130
1478089842.172138,68130
1478089842.176416,66616
1478089842.181707,68130
1478089842.187129,68130
1478089842.191801,68130
1478089842.197063,66616
1478089842.202000,66616
1478089842.213351,68130
1478089842.227950,68130
1478089842.247756,68130
1478089842.262835,71158
1478089842.284993,71158
1478089842.303775,68130
1478089842.326029,72672
1478089842.335671,72672
1478089842.340800,72672
1478089842.345366,72672
1478089842.354478,71158
1478089842.359272,71158
1478089842.363970,71158
1478089842.368757,71158
1478089842.373640,71158
1478089842.378339,72672
1478089842.383624,71158
1478089842.388667,74186
1478089842.394991,72672
1478089842.400358,72672
1478089842.404711,72672
1478089842.409214,72672
1478089842.413334,74186
1478089842.417436,71158
1478089842.421684,72672
1478089842.426273,72672
1478089842.430190,74186
1478089842.434656,71158
1478089842.439549,74186
1478089842.444429,72672
1478089842.451368,74186
1478089842.456696,74186
1478089842.461093,74186
1478089842.466017,72672
1478089842.471113,72672
1478089842.476126,75700
1478089842.481725,75700
1478089842.487673,74186
1478089842.492947,75700
1478089842.498142,75700
1478089842.502752,75700
1478089842.508487,75700
1478089842.513524,75700
1478089842.518585,75700
1478089842.523097,77214
1478089842.527655,77214
1478089842.532102,77214
1478089842.536640,74186
1478089842.541556,74186
1478089842.546458,77214
1478089842.551538,77214
1478089842.555955,74186
1478089842.560011,75700
1478089842.564377,77214
1478089842.568831,78728
1478089842.573372,78728
1478089842.577762,77214
1478089842.582543,75700
1478089842.587716,78728
1478089842.592429,78728
1478089842.597184,78728
1478089842.602272,78728
1478089842.607118,78728
1478089842.612611,78728
1478089842.617359,78728
1478089842.621993,78728
1478089842.626390,78728
1478089842.630911,78728
1478089842.635657,77214
1478089842.640272,78728
1478089842.645366,78728
1478089842.649795,78728
1478089842.654500,78728
1478089842.659277,78728
1478089842.663756,78728
1478089842.668787,78728
1478089842.674312,78728
1478089842.679237,78728
1478089842.684108,77214
1478089842.688586,78728
1478089842.693266,78728
1478089842.697190,80242
1478089842.701626,80242
1478089842.706212,78728
1478089842.710553,80242
1478089842.714596,80242
1478089842.718759,81756
1478089842.723313,78728
1478089842.728263,81756
1478089842.733107,81756
1478089842.737785,81756
1478089842.743514,80242
1478089842.749225,80242
1478089842.753681,80242
1478089842.758405,80242
1478089842.763691,81756
1478089842.769630,83270
1478089842.774998,81756
1478089842.779619,83270
1478089842.784110,83270
1478089842.788512,80242
1478089842.792969,81756
1478089842.798509,83270
1478089842.803427,83270
1478089842.808436,83270
1478089842.812969,83270
1478089842.817476,80242
1478089842.821993,81756
1478089842.826295,81756
1478089842.831152,83270
1478089842.835834,83270
1478089842.839801,84784
1478089842.843868,83270
1478089842.847919,83270
1478089842.852028,84784
1478089842.856963,84784
1478089842.861543,84784
1478089842.866188,84784
1478089842.870864,84784
1478089842.875814,84784
1478089842.880366,81756
1478089842.887142,83270
1478089842.891735,83270
1478089842.896237,84784
1478089842.900799,86298
1478089842.906083,84784
1478089842.910803,84784
1478089842.915906,84784
1478089842.921356,84784
1478089842.925859,84784
1478089842.930733,84784
1478089842.935423,84784
1478089842.940674,84784
1478089842.945866,84784
1478089842.953147,83270
1478089842.957834,84784
1478089842.963198,86298
1478089842.968132,86298
1478089842.972743,84784
1478089842.977168,84784
1478089842.980938,86298
1478089842.985456,87812
1478089842.989481,84784
1478089842.993788,86298
1478089842.998055,86298
1478089843.002680,87812
1478089843.006935,87812
1478089843.011117,86298
1478089843.014971,86298
1478089843.019179,87812
1478089843.022975,86298
1478089843.027054,86298
1478089843.030883,87812
1478089843.035435,84784
1478089843.039473,87812
1478089843.044157,87812
1478089843.048389,89326
1478089843.052575,89326
1478089843.056872,87812
1478089843.061336,87812
1478089843.067124,86298
1478089843.072660,89326
1478089843.077415,89326
1478089843.082720,87812
1478089843.088551,87812
1478089843.093310,87812
1478089843.098203,87812
1478089843.102722,87812
1478089843.108211,87812
1478089843.113061,87812
1478089843.117934,87812
1478089843.123205,87812
1478089843.127554,90840
1478089843.132974,90840
1478089843.139760,87812
1478089843.144369,89326
1478089843.149448,90840
1478089843.154342,87812
1478089843.158848,89326
1478089843.164368,90840
1478089843.168576,87812
1478089843.172690,89326
1478089843.176641,90840
1478089843.180992,90840
1478089843.186437,89326
1478089843.190443,90840
1478089843.195278,90840
1478089843.199114,90840
1478089843.204386,90840
1478089843.209484,90840
1478089843.214195,90840
1478089843.218776,90840
1478089843.223498,90840
1478089843.230617,90840
1478089843.235098,92354
1478089843.239738,90840
1478089843.245017,90840
1478089843.249982,90840
1478089843.254544,92354
1478089843.259077,92354
1478089843.264224,92354
1478089843.269996,92354
1478089843.274827,90840
1478089843.279763,87812
1478089843.285054,83270
1478089843.289452,81756
1478089843.294154,78728
1478089843.299004,75700
1478089843.303722,72672
1478089843.313160,66616
1478089843.317934,63588
1478089843.321948,60560
1478089843.325816,59046
1478089843.330027,54504
1478089843.334153,52990
1478089843.338305,49962
1478089843.342463,48448
1478089843.347245,43906
1478089843.352481,40878
1478089843.356940,37850
1478089843.368023,30280
1478089843.373665,27252
1478089843.378916,24224
1478089843.383749,21196
1478089843.388284,21196
1478089843.393187,22710
1478089843.400435,19682
1478089843.405378,22710
1478089843.410195,22710
1478089843.414871,21196
1478089843.419699,24224
1478089843.424703,24224
1478089843.429356,22710
1478089843.434453,25738
1478089843.440278,24224
1478089843.446481,25738
1478089843.451603,25738
1478089843.456801,27252
1478089843.461062,27252
1478089843.466279,25738
1478089843.470559,27252
1478089843.474583,27252
1478089843.478826,27252
1478089843.483087,28766
1478089843.487308,28766
1478089843.492117,25738
1478089843.496693,28766
1478089843.501032,28766
1478089843.506684,27252
1478089843.511117,28766
1478089843.515951,28766
1478089843.521212,30280
1478089843.526019,28766
1478089843.531178,31794
1478089843.536206,31794
1478089843.541065,31794
1478089843.545828,28766
1478089843.550584,31794
1478089843.556887,31794
1478089843.562267,30280
1478089843.567387,33308
1478089843.572335,33308
1478089843.577437,33308
1478089843.596352,31794
1478089843.600578,33308
1478089843.613427,33308
1478089843.625685,36336
1478089843.630485,36336
1478089843.635389,36336
1478089843.651108,36336
1478089843.656097,36336
1478089843.661450,36336
1478089843.666413,37850
1478089843.671612,37850
1478089843.676324,39364
1478089843.680720,37850
1478089843.685637,37850
1478089843.690186,37850
1478089843.695227,37850
1478089843.700036,39364
1478089843.705145,39364
1478089843.709389,39364
1478089843.714093,39364
1478089843.719105,39364
1478089843.723965,39364
1478089843.728977,39364
1478089843.734287,40878
1478089843.739830,42392
1478089843.744102,39364
1478089843.748301,40878
1478089843.752624,40878
1478089843.756452,42392
1478089843.760889,39364
1478089843.765055,40878
1478089843.769369,42392
1478089843.773858,43906
1478089843.778615,43906
1478089843.783174,43906
1478089843.787915,43906
1478089843.792492,40878
1478089843.796975,42392
1478089843.801938,42392
1478089843.806528,43906
1478089843.811194,43906
1478089843.815988,43906
1478089843.820437,43906
1478089843.825062,45420
1478089843.830923,43906
1478089843.835785,43906
1478089843.841403,45420
1478089843.845841,43906
1478089843.850644,46934
1478089843.855530,45420
1478089843.860294,43906
1478089843.865548,46934
1478089843.870367,46934
1478089843.875247,46934
1478089843.879781,43906
1478089843.884007,46934
1478089843.888403,46934
1478089843.892641,48448
1478089843.897189,48448
1478089843.901170,46934
1478089843.906141,45420
1478089843.910165,46934
1478089843.914815,46934
1478089843.919583,48448
1478089843.923849,49962
1478089843.927614,48448
1478089843.931936,48448
1478089843.936352,49962
1478089843.940830,49962
1478089843.945281,49962
1478089843.951292,45420
1478089843.955133,48448
1478089843.959218,48448
1478089843.963714,49962
1478089843.967966,49962
1478089843.973036,49962
1478089843.977984,49962
1478089843.982631,49962
1478089843.987603,49962
1478089843.991978,51476
1478089843.997425,49962
1478089844.002517,49962
1478089844.007086,51476
1478089844.012779,49962
1478089844.018691,52990
1478089844.023471,52990
1478089844.028148,52990
1478089844.032456,52990
1478089844.037238,52990
1478089844.041639,49962
1478089844.046638,51476
1478089844.051411,52990
1478089844.056081,52990
1478089844.060980,52990
1478089844.065560,52990
1478089844.070144,52990
1478089844.074567,52990
1478089844.078434,51476
1478089844.082609,52990
1478089844.086781,52990
1478089844.092350,52990
1478089844.096327,54504
1478089844.100863,56018
1478089844.105713,56018
1478089844.110512,56018
1478089844.115238,56018
1478089844.119947,56018
1478089844.125029,56018
1478089844.129579,56018
1478089844.134740,56018
1478089844.139715,57532
1478089844.144843,57532
1478089844.149480,56018
1478089844.154370,57532
1478089844.159236,57532
1478089844.163741,57532
1478089844.168406,57532
1478089844.173604,57532
1478089844.178199,57532
1478089844.183246,57532
1478089844.188082,57532
1478089844.192793,59046
1478089844.198523,57532
1478089844.203683,57532
1478089844.208674,57532
1478089844.213579,57532
1478089844.217626,57532
1478089844.222075,59046
1478089844.226507,59046
1478089844.230846,56018
1478089844.235004,59046
1478089844.239123,60560
1478089844.242778,57532
1478089844.247978,57532
1478089844.253251,60560
1478089844.258027,60560
1478089844.262888,60560
1478089844.267541,60560
1478089844.272042,59046
1478089844.276439,59046
1478089844.281238,59046
1478089844.286127,60560
1478089844.291204,59046
1478089844.296367,59046
1478089844.301389,62074
1478089844.306542,59046
1478089844.311424,62074
1478089844.316091,62074
1478089844.321037,62074
1478089844.326129,62074
1478089844.331103,60560
1478089844.336289,62074
1478089844.342025,62074
1478089844.346876,62074
1478089844.351385,62074
1478089844.355449,62074
1478089844.359963,63588
1478089844.363786,62074
1478089844.368336,62074
1478089844.372213,63588
1478089844.376735,63588
1478089844.381157,60560
1478089844.385112,62074
1478089844.389801,63588
1478089844.393967,65102
1478089844.398889,65102
1478089844.403197,65102
1478089844.407721,62074
1478089844.411947,63588
1478089844.416589,63588
1478089844.420594,65102
1478089844.424862,65102
1478089844.429316,63588
1478089844.433512,63588
1478089844.437770,65102
1478089844.444258,63588
1478089844.448726,65102
1478089844.453549,65102
1478089844.458296,65102
1478089844.464000,66616
1478089844.468814,66616
1478089844.475526,63588
1478089844.480652,63588
1478089844.485556,66616
1478089844.490295,66616
1478089844.495929,66616
1478089844.503437,68130
1478089844.508113,65102
1478089844.512924,66616
1478089844.518266,66616
1478089844.523011,66616
1478089844.528092,66616
1478089844.532394,66616
1478089844.537339,66616
1478089844.542364,66616
1478089844.546965,68130
1478089844.551911,68130
1478089844.560396,66616
1478089844.564822,68130
1478089844.570000,68130
1478089844.573733,68130
1478089844.596974,66616
1478089844.611891,71158
1478089844.616375,71158
1478089844.621222,71158
1478089844.625857,68130
1478089844.665374,71158
1478089844.670261,72672
1478089844.674690,72672
1478089844.684432,72672
1478089844.689255,72672
1478089844.693869,72672
1478089844.698491,72672
1478089844.702590,71158
1478089844.707302,71158
1478089844.711540,72672
1478089844.715622,72672
1478089844.719496,71158
1478089844.724295,72672
1478089844.728913,72672
1478089844.734070,72672
1478089844.738641,72672
1478089844.743369,72672
1478089844.748622,72672
1478089844.753775,72672
1478089844.759088,71158
1478089844.763889,71158
1478089844.768623,72672
1478089844.773496,71158
1478089844.778138,72672
1478089844.782999,72672
1478089844.787558,74186
1478089844.792436,74186
1478089844.797103,74186
1478089844.801639,74186
1478089844.807000,74186
1478089844.811390,74186
1478089844.816398,74186
1478089844.821085,74186
1478089844.826027,74186
1478089844.830597,75700
1478089844.835074,74186
1478089844.839865,75700
1478089844.844211,75700
1478089844.848800,75700
1478089844.852880,75700
1478089844.857167,75700
1478089844.861419,77214
1478089844.865497,77214
1478089844.870809,77214
1478089844.875307,74186
1478089844.880298,74186
1478089844.884868,77214
1478089844.889224,75700
1478089844.894453,75700
1478089844.899280,75700
1478089844.904397,75700
1478089844.909743,77214
1478089844.914581,78728
1478089844.919849,78728
1478089844.924401,78728
1478089844.929653,78728
1478089844.935335,77214
1478089844.941272,78728
1478089844.946566,78728
1478089844.951776,77214
1478089844.956709,77214
1478089844.961431,77214
1478089844.966251,77214
1478089844.971068,77214
1478089844.976543,78728
1478089844.980583,78728
1478089844.984810,80242
1478089844.989051,77214
1478089844.993164,78728
1478089844.997889,78728
1478089845.002002,80242
1478089845.006060,77214
1478089845.010555,78728
1478089845.015453,78728
1478089845.020324,78728
1478089845.025480,77214
1478089845.031833,78728
1478089845.036444,78728
1478089845.041446,80242
1478089845.046326,80242
1478089845.051094,80242
1478089845.056114,80242
1478089845.061864,78728
1478089845.066687,81756
1478089845.072282,81756
1478089845.076898,81756
1478089845.081784,81756
1478089845.086422,81756
1478089845.092063,80242
1478089845.097065,81756
1478089845.101916,80242
1478089845.108460,81756
1478089845.113529,81756
1478089845.118286,83270
1478089845.123641,81756
1478089845.127826,83270
1478089845.132124,83270
1478089845.136411,81756
1478089845.140927,81756
1478089845.145428,83270
1478089845.149697,83270
1478089845.154324,83270
1478089845.158867,83270
1478089845.164407,81756
1478089845.169536,81756
1478089845.174428,83270
1478089845.179861,83270
1478089845.185105,83270
1478089845.189698,83270
1478089845.194798,83270
1478089845.199211,83270
1478089845.203879,83270
1478089845.208946,83270
1478089845.214323,84784
1478089845.219962,84784
1478089845.224646,84784
1478089845.229491,84784
1478089845.235130,83270
1478089845.239535,84784
1478089845.243952,84784
1478089845.248669,86298
1478089845.253423,86298
1478089845.258956,86298
1478089845.263539,86298
1478089845.268036,86298
1478089845.271933,84784
1478089845.276232,84784
1478089845.280405,86298
1478089845.284886,86298
1478089845.289388,83270
1478089845.293396,84784
1478089845.298329,84784
1478089845.302937,84784
1478089845.309165,86298
1478089845.315303,86298
1478089845.320018,86298
1478089845.325363,86298
1478089845.330327,86298
1478089845.334893,86298
1478089845.339590,86298
1478089845.344275,86298
1478089845.349317,86298
1478089845.353951,86298
1478089845.358998,86298
1478089845.364465,86298
1478089845.369266,86298
1478089845.374134,84784
1478089845.379013,86298
1478089845.383742,86298
1478089845.388907,86298
1478089845.393393,87812
1478089845.398720,87812
1478089845.404627,87812
1478089845.408854,89326
1478089845.413175,86298
1478089845.417115,87812
1478089845.421720,87812
1478089845.425551,89326
1478089845.429631,87812
1478089845.433667,87812
1478089845.439331,87812
1478089845.445225,89326
1478089845.449629,89326
1478089845.454663,89326
1478089845.459360,89326
1478089845.464521,90840
1478089845.469461,90840
1478089845.474239,90840
1478089845.479533,90840
1478089845.484005,90840
1478089845.488578,90840
1478089845.495445,87812
1478089845.500360,90840
1478089845.505621,89326
1478089845.511016,90840
1478089845.515749,90840
1478089845.520426,90840
1478089845.525169,90840
1478089845.529993,90840
1478089845.534683,90840
1478089845.539162,92354
1478089845.543956,89326
1478089845.549015,90840
1478089845.552901,90840
1478089845.557557,90840
1478089845.561942,92354
1478089845.566879,90840
1478089845.571185,92354
1478089845.575331,89326
1478089845.580016,90840
1478089845.585319,90840
1478089845.590319,92354
1478089845.595841,92354
1478089845.600500,92354
1478089845.605608,92354
1478089845.610438,93868
1478089845.615251,92354
1478089845.622213,89326
1478089845.626781,86298
1478089845.631722,83270
1478089845.636361,80242
1478089845.640965,77214
1478089845.646463,74186
1478089845.651307,71158
1478089845.656571,68130
1478089845.661601,65102
1478089845.666343,62074
1478089845.670642,59046
1478089845.675197,56018
1478089845.680171,52990
1478089845.684782,49962
1478089845.689727,46934
1478089845.693939,42392
1478089845.698109,40878
1478089845.702743,37850
1478089845.707015,36336
1478089845.711051,31794
1478089845.715055,30280
1478089845.719466,25738
1478089845.723650,24224
1478089845.728610,19682
1478089845.734230,21196
1478089845.739871,21196
1478089845.744907,21196
1478089845.750030,21196
1478089845.755444,22710
1478089845.760502,22710
1478089845.765065,22710
1478089845.770056,22710
1478089845.774557,24224
1478089845.779143,24224
1478089845.784501,24224
1478089845.789131,24224
1478089845.794428,25738
1478089845.799088,24224
1478089845.803941,25738
1478089845.809471,27252
1478089845.813877,24224
1478089845.818808,25738
1478089845.824268,28766
1478089845.829086,28766
1478089845.834061,28766
1478089845.838563,28766
1478089845.842835,28766
1478089845.846888,28766
1478089845.850692,30280
1478089845.855181,27252
1478089845.859329,28766
1478089845.863853,28766
1478089845.867951,31794
1478089845.872911,31794
1478089845.877754,31794
1478089845.882453,31794
1478089845.887815,31794
1478089845.892276,31794
1478089845.896906,33308
1478089845.901867,33308
1478089845.907194,31794
1478089845.913068,30280
1478089845.918878,33308
1478089845.923777,33308
1478089845.929087,33308
1478089845.938807,33308
1478089845.944050,33308
1478089845.948623,33308
1478089845.967665,36336
1478089845.972147,36336
1478089845.977106,36336
1478089845.985631,36336
1478089845.989578,36336
1478089845.993665,37850
1478089845.997434,36336
1478089846.002558,36336
1478089846.006615,36336
1478089846.011341,37850
1478089846.016685,37850
1478089846.021494,37850
1478089846.026277,37850
1478089846.031320,37850
1478089846.036613,37850
1478089846.041844,39364
1478089846.046520,37850
1478089846.051375,37850
1478089846.056342,39364
1478089846.060975,39364
1478089846.065416,39364
1478089846.069942,39364
1478089846.074610,39364
1478089846.079963,40878
1478089846.084323,40878
1478089846.089353,40878
1478089846.094812,40878
1478089846.100108,42392
1478089846.106948,39364
1478089846.112454,39364
1478089846.117254,42392
1478089846.121724,40878
1478089846.125990,42392
1478089846.130720,42392
1478089846.134875,42392
1478089846.139164,43906
1478089846.143401,43906
1478089846.147750,42392
1478089846.153404,43906
1478089846.158169,45420
1478089846.163162,45420
1478089846.167907,42392
1478089846.172863,45420
1478089846.178306,45420
1478089846.182774,45420
1478089846.188876,45420
1478089846.194236,45420
1478089846.198670,45420
1478089846.203632,45420
1478089846.208590,45420
1478089846.213170,45420
1478089846.218036,45420
1478089846.222726,45420
1478089846.227558,46934
1478089846.232607,46934
1478089846.236983,46934
1478089846.241980,46934
1478089846.247039,46934
1478089846.251551,46934
1478089846.256549,46934
1478089846.260942,46934
1478089846.265037,48448
1478089846.269052,48448
1478089846.273220,48448
1478089846.277534,49962
1478089846.282107,49962
1478089846.285976,48448
1478089846.290432,48448
1478089846.295282,48448
1478089846.299866,48448
1478089846.305313,48448
1478089846.310029,49962
1478089846.314571,49962
1478089846.319776,49962
1478089846.324911,49962
1478089846.329510,49962
1478089846.334430,49962
1478089846.339466,49962
1478089846.343998,49962
1478089846.349019,49962
1478089846.354507,51476
1478089846.359322,52990
1478089846.364027,52990
1478089846.370812,51476
1478089846.375614,51476
1478089846.380740,49962
1478089846.385996,49962
1478089846.390792,52990
1478089846.395720,52990
1478089846.400165,51476
1478089846.404954,54504
1478089846.409279,52990
1478089846.413215,54504
1478089846.417189,51476
1478089846.421034,52990
1478089846.425062,54504
1478089846.429560,54504
1478089846.434218,51476
1478089846.440020,54504
1478089846.445292,54504
1478089846.450105,54504
1478089846.455143,54504
1478089846.460744,54504
1478089846.466451,56018
1478089846.471524,54504
1478089846.476218,54504
1478089846.480774,56018
1478089846.486152,57532
1478089846.490524,57532
1478089846.495483,57532
1478089846.500078,57532
1478089846.504627,54504
1478089846.509514,57532
1478089846.513943,54504
1478089846.519136,57532
1478089846.523939,57532
1478089846.529057,57532
1478089846.533484,56018
1478089846.538268,57532
1478089846.542764,57532
1478089846.546924,57532
1478089846.551954,57532
1478089846.555827,59046
1478089846.560308,59046
1478089846.564367,57532
1478089846.569347,57532
1478089846.573360,57532
1478089846.578342,57532
1478089846.582990,59046
1478089846.588137,59046
1478089846.593401,59046
1478089846.597774,59046
1478089846.602751,59046
1478089846.607298,59046
1478089846.611803,60560
1478089846.616436,60560
1478089846.621366,60560
1478089846.626232,60560
1478089846.630801,60560
1478089846.635934,62074
1478089846.641168,62074
1478089846.646821,60560
1478089846.651895,59046
1478089846.657223,62074
1478089846.661790,60560
1478089846.666638,59046
1478089846.671171,60560
1478089846.678538,60560
1478089846.683570,60560
1478089846.687849,62074
1478089846.692081,62074
1478089846.696228,63588
1478089846.700063,62074
1478089846.704682,62074
1478089846.708569,63588
1478089846.712707,62074
1478089846.716662,62074
1478089846.720572,63588
1478089846.724528,62074
1478089846.728523,62074
1478089846.732330,63588
1478089846.737088,63588
1478089846.741013,63588
1478089846.745054,65102
1478089846.749223,65102
1478089846.753581,63588
1478089846.757477,63588
1478089846.761340,65102
1478089846.765928,62074
1478089846.770567,63588
1478089846.775033,63588
1478089846.779693,63588
1478089846.784507,63588
1478089846.789523,65102
1478089846.794065,65102
1478089846.799362,65102
1478089846.804291,65102
1478089846.808956,65102
1478089846.813963,65102
1478089846.818529,65102
1478089846.823414,65102
1478089846.828355,65102
1478089846.833516,65102
1478089846.838753,63588
1478089846.843674,66616
1478089846.848286,65102
1478089846.853231,65102
1478089846.857993,66616
1478089846.862963,68130
1478089846.868127,68130
1478089846.873237,68130
1478089846.877427,68130
1478089846.882086,65102
1478089846.886117,66616
1478089846.890443,66616
1478089846.894613,68130
1478089846.898876,68130
1478089846.903213,68130
1478089846.908201,68130
1478089846.913178,68130
1478089846.918040,68130
1478089846.962524,71158
1478089846.967658,71158
1478089846.972258,68130
1478089846.977136,71158
1478089846.981940,71158
1478089846.986753,68130
1478089846.991746,71158
1478089846.997317,71158
1478089847.001947,71158
1478089847.011704,71158
1478089847.017604,71158
1478089847.021995,71158
1478089847.025984,72672
1478089847.030442,72672
1478089847.034445,71158
1478089847.038897,71158
1478089847.043002,72672
1478089847.047204,72672
1478089847.056431,71158
1478089847.061292,71158
1478089847.065821,71158
1478089847.070518,72672
1478089847.075348,72672
1478089847.080323,72672
1478089847.086318,71158
1478089847.090931,74186
1478089847.096452,74186
1478089847.101741,72672
1478089847.107622,72672
1478089847.113309,74186
1478089847.118315,74186
1478089847.123185,72672
1478089847.128158,72672
1478089847.133582,74186
1478089847.138198,74186
1478089847.143186,74186
1478089847.148139,74186
1478089847.152903,74186
1478089847.158141,74186
1478089847.162379,74186
1478089847.167124,74186
1478089847.171275,74186
1478089847.175362,75700
1478089847.179623,74186
1478089847.183971,74186
1478089847.188370,75700
1478089847.192670,75700
1478089847.197103,74186
1478089847.202380,77214
1478089847.206925,77214
1478089847.211701,75700
1478089847.216620,74186
1478089847.221131,75700
1478089847.225942,75700
1478089847.233397,74186
1478089847.238468,74186
1478089847.243055,75700
1478089847.247577,75700
1478089847.252085,75700
1478089847.257013,77214
1478089847.261918,77214
1478089847.266924,77214
1478089847.271989,77214
1478089847.276566,77214
1478089847.281616,77214
1478089847.286599,77214
1478089847.292095,77214
1478089847.298271,77214
1478089847.303532,77214
1478089847.307901,77214
1478089847.312247,77214
1478089847.316308,78728
1478089847.320775,77214
1478089847.324755,78728
1478089847.329306,78728
1478089847.333180,80242
1478089847.338051,80242
1478089847.342852,80242
1478089847.347364,77214
1478089847.351973,77214
1478089847.356777,78728
1478089847.362097,80242
1478089847.366825,77214
1478089847.371837,80242
1478089847.376596,80242
1478089847.381393,77214
1478089847.387931,80242
1478089847.393239,80242
1478089847.397700,80242
1478089847.402349,80242
1478089847.407302,80242
1478089847.411688,80242
1478089847.416522,80242
1478089847.421128,80242
1478089847.425711,81756
1478089847.430073,81756
1478089847.437360,80242
1478089847.442902,80242
1478089847.447718,81756
1478089847.451457,78728
1478089847.455528,81756
1478089847.460078,81756
1478089847.464152,83270
1478089847.468143,81756
1478089847.472030,83270
1478089847.477021,80242
1478089847.481510,83270
1478089847.487422,81756
1478089847.492369,81756
1478089847.497155,81756
1478089847.502132,80242
1478089847.507702,83270
1478089847.512323,83270
1478089847.517207,83270
1478089847.522036,81756
1478089847.526745,83270
1478089847.531634,84784
1478089847.536546,81756
1478089847.540907,83270
1478089847.545850,83270
1478089847.550548,81756
1478089847.555531,83270
1478089847.560377,83270
1478089847.565208,83270
1478089847.570866,81756
1478089847.576404,83270
1478089847.581176,83270
1478089847.586220,83270
1478089847.590406,86298
1478089847.594308,84784
1478089847.598277,84784
1478089847.602495,86298
1478089847.606653,83270
1478089847.611011,84784
1478089847.615140,84784
1478089847.619897,86298
1478089847.624809,86298
1478089847.629657,84784
1478089847.635142,84784
1478089847.639830,84784
1478089847.644823,84784
1478089847.649236,84784
1478089847.654070,84784
1478089847.658961,86298
1478089847.664593,86298
1478089847.670286,87812
1478089847.675254,87812
1478089847.679613,87812
1478089847.684669,87812
1478089847.689280,84784
1478089847.694111,87812
1478089847.698884,87812
1478089847.703707,84784
1478089847.708602,84784
1478089847.713460,87812
1478089847.718147,84784
1478089847.723040,84784
1478089847.727768,86298
1478089847.732045,87812
1478089847.736557,87812
1478089847.740380,89326
1478089847.745167,89326
1478089847.749518,87812
1478089847.753585,87812
1478089847.757986,87812
1478089847.762312,89326
1478089847.766535,87812
1478089847.770480,87812
1478089847.774316,89326
1478089847.779007,89326
1478089847.782866,87812
1478089847.789815,87812
1478089847.794345,87812
1478089847.798307,89326
1478089847.802693,86298
1478089847.806775,89326
1478089847.811371,89326
1478089847.815552,90840
1478089847.820788,90840
1478089847.825803,89326
1478089847.830940,89326
1478089847.835783,89326
1478089847.840387,89326
1478089847.845423,89326
1478089847.851972,90840
1478089847.856828,90840
1478089847.861641,90840
1478089847.866586,90840
1478089847.871285,90840
1478089847.876287,90840
1478089847.880918,90840
1478089847.885728,92354
1478089847.890326,89326
1478089847.894787,90840
1478089847.899704,90840
1478089847.904358,90840
1478089847.909784,89326
1478089847.914275,90840
1478089847.918662,90840
1478089847.923630,90840
1478089847.927549,90840
1478089847.931849,92354
1478089847.936150,89326
1478089847.940532,90840
1478089847.944493,90840
1478089847.948831,92354
1478089847.953010,90840
1478089847.957811,90840
1478089847.962955,92354
1478089847.967693,89326
1478089847.972425,86298
1478089847.977264,84784
1478089847.982364,80242
1478089847.987921,77214
1478089847.992467,74186
1478089847.997416,71158
1478089848.002091,68130
1478089848.006862,65102
1478089848.011862,62074
1478089848.016473,59046
1478089848.021329,56018
1478089848.026117,52990
1478089848.031275,49962
1478089848.036420,46934
1478089848.040925,43906
1478089848.045808,40878
1478089848.050861,37850
1478089848.060462,30280
1478089848.064492,27252
1478089848.069204,24224
1478089848.073246,21196
1478089848.077753,18168
1478089848.081885,21196
1478089848.085896,22710
1478089848.090309,22710
1478089848.094679,19682
1478089848.099535,22710
1478089848.104283,22710
1478089848.108812,22710
1478089848.113387,22710
1478089848.118870,24224
1478089848.123714,22710
1478089848.128693,22710
1478089848.133550,22710
1478089848.138198,24224
1478089848.143257,24224
1478089848.147723,25738
1478089848.152629,25738
1478089848.157943,25738
1478089848.162787,24224
1478089848.167501,25738
1478089848.172355,27252
1478089848.177609,25738
1478089848.183495,27252
1478089848.188322,28766
1478089848.193091,28766
1478089848.198021,28766
1478089848.202590,28766
1478089848.206699,30280
1478089848.210442,28766
1478089848.215025,30280
1478089848.218925,31794
1478089848.223181,31794
1478089848.227098,30280
1478089848.231804,30280
1478089848.236660,30280
1478089848.241533,31794
1478089848.245894,33308
1478089848.250433,33308
1478089848.255135,33308
1478089848.259642,33308
1478089848.264804,33308
1478089848.271515,33308
1478089848.276056,33308
1478089848.280920,33308
1478089848.285751,33308
1478089848.290441,33308
1478089848.295303,33308
1478089848.326882,36336
1478089848.331456,36336
1478089848.336356,36336
1478089848.340947,36336
1478089848.345714,36336
1478089848.349857,36336
1478089848.353888,37850
1478089848.358245,37850
1478089848.362595,37850
1478089848.367069,37850
1478089848.371085,39364
1478089848.375841,36336
1478089848.380249,37850
1478089848.385280,37850
1478089848.389866,37850
1478089848.394826,39364
1478089848.399670,39364
1478089848.404712,37850
1478089848.409164,39364
1478089848.414234,39364
1478089848.418674,39364
1478089848.423745,39364
1478089848.428134,40878
1478089848.434469,40878
1478089848.439938,40878
1478089848.445032,40878
1478089848.450177,40878
1478089848.455813,40878
1478089848.461058,42392
1478089848.466030,43906
1478089848.470533,43906
1478089848.475004,40878
1478089848.479720,40878
1478089848.484999,43906
1478089848.489523,42392
1478089848.493379,42392
1478089848.497921,43906
1478089848.501852,43906
1478089848.506992,42392
1478089848.510873,43906
1478089848.515259,43906
1478089848.519941,43906
1478089848.524546,45420
1478089848.529900,43906
1478089848.534412,43906
1478089848.541049,45420
1478089848.547007,45420
1478089848.552177,45420
1478089848.557101,45420
1478089848.562368,43906
1478089848.566816,45420
1478089848.571525,45420
1478089848.576438,46934
1478089848.581537,46934
1478089848.586709,48448
1478089848.591268,46934
1478089848.596023,46934
1478089848.600746,46934
1478089848.605482,46934
1478089848.610669,45420
1478089848.615349,48448
1478089848.620203,48448
1478089848.625162,46934
1478089848.629675,48448
1478089848.634105,48448
1478089848.638172,49962
1478089848.642600,49962
1478089848.646630,48448
1478089848.651082,48448
1478089848.655438,49962
1478089848.660097,51476
1478089848.665007,51476
1478089848.669601,51476
1478089848.674345,51476
1478089848.679534,51476
1478089848.684525,49962
1478089848.689269,51476
1478089848.694317,49962
1478089848.699460,51476
1478089848.704134,51476
1478089848.708721,52990
1478089848.713768,51476
1478089848.718592,51476
1478089848.723736,51476
1478089848.729378,49962
1478089848.733993,51476
1478089848.738522,51476
1478089848.743087,52990
1478089848.748139,52990
1478089848.753253,52990
1478089848.758106,52990
1478089848.763619,51476
1478089848.768529,54504
1478089848.773133,54504
1478089848.777528,52990
1478089848.782083,52990
1478089848.786341,54504
1478089848.790374,54504
1478089848.794524,54504
1478089848.799046,54504
1478089848.803882,54504
1478089848.808306,54504
1478089848.813240,54504
1478089848.818479,54504
1478089848.824204,56018
1478089848.829390,56018
1478089848.833761,54504
1478089848.838428,56018
1478089848.842942,56018
1478089848.848277,54504
1478089848.854413,56018
1478089848.859439,56018
1478089848.864321,56018
1478089848.869086,56018
1478089848.873820,56018
1478089848.878792,57532
1478089848.883298,59046
1478089848.887809,59046
1478089848.892812,59046
1478089848.897628,59046
1478089848.902595,57532
1478089848.907827,57532
1478089848.913217,57532
1478089848.917377,57532
1478089848.921558,59046
1478089848.925981,59046
1478089848.930028,59046
1478089848.934573,59046
1478089848.938505,60560
1478089848.942872,60560
1478089848.947697,60560
1478089848.952507,60560
1478089848.957460,60560
1478089848.962058,57532
1478089848.967097,57532
1478089848.971728,60560
1478089848.976854,60560
1478089848.981987,62074
1478089848.986594,62074
1478089848.991457,62074
1478089848.996096,59046
1478089849.001702,59046
1478089849.007798,59046
1478089849.012439,60560
1478089849.017250,60560
1478089849.022389,60560
1478089849.026851,62074
1478089849.031612,62074
1478089849.036632,62074
1478089849.041497,62074
1478089849.045695,62074
1478089849.050419,62074
1478089849.054945,63588
1478089849.058726,60560
1478089849.063229,62074
1478089849.067296,62074
1478089849.071718,63588
1478089849.075684,60560
1478089849.080270,63588
1478089849.084329,63588
1478089849.088894,65102
1478089849.095081,63588
1478089849.101395,63588
1478089849.106789,63588
1478089849.112183,62074
1478089849.117229,62074
1478089849.122013,63588
1478089849.127142,65102
1478089849.132101,62074
1478089849.136910,65102
1478089849.142612,66616
1478089849.147120,66616
1478089849.151895,65102
1478089849.156751,66616
1478089849.161258,66616
1478089849.166146,66616
1478089849.170629,66616
1478089849.175621,66616
1478089849.180428,66616
1478089849.185807,66616
1478089849.191633,66616
1478089849.196215,66616
1478089849.200513,66616
1478089849.205077,68130
1478089849.209250,68130
1478089849.213538,66616
1478089849.217716,66616
1478089849.222233,68130
1478089849.226470,68130
1478089849.231006,68130
1478089849.235658,66616
1478089849.240932,68130
1478089849.245615,66616
1478089849.250425,66616
1478089849.280867,68130
1478089849.285333,68130
1478089849.290368,68130
1478089849.306011,68130
1478089849.310963,68130
1478089849.326948,71158
1478089849.342187,68130
1478089849.347216,68130
1478089849.359657,71158
1478089849.368125,71158
1478089849.372572,71158
1478089849.377086,72672
1478089849.381653,72672
1478089849.386687,72672
1478089849.391117,72672
1478089849.396117,72672
1478089849.408174,71158
1478089849.417132,72672
1478089849.421829,72672
1478089849.429448,71158
1478089849.434514,72672
1478089849.439825,74186
1478089849.444513,74186
1478089849.449870,72672
1478089849.455558,72672
1478089849.460073,72672
1478089849.465502,72672
1478089849.470613,72672
1478089849.475077,72672
1478089849.480215,72672
1478089849.485056,74186
1478089849.489801,74186
1478089849.493884,74186
1478089849.498370,75700
1478089849.502519,75700
1478089849.507351,75700
1478089849.511376,74186
1478089849.515725,74186
1478089849.520104,74186
1478089849.524806,75700
1478089849.529987,75700
1478089849.534392,75700
1478089849.539511,75700
1478089849.543813,75700
1478089849.548410,74186
1478089849.553661,77214
1478089849.559890,75700
1478089849.564934,75700
1478089849.569444,75700
1478089849.574690,74186
1478089849.579931,74186
1478089849.584232,75700
1478089849.589101,75700
1478089849.593820,75700
1478089849.598367,75700
1478089849.603381,77214
1478089849.608202,77214
1478089849.613409,75700
1478089849.618539,78728
1478089849.623378,78728
1478089849.628410,78728
1478089849.633057,75700
1478089849.637299,77214
1478089849.641182,78728
1478089849.645391,78728
1478089849.650060,75700
1478089849.654185,77214
1478089849.658156,78728
1478089849.662246,75700
1478089849.666865,78728
1478089849.671927,78728
1478089849.676970,80242
1478089849.681579,77214
1478089849.686357,80242
1478089849.691079,77214
1478089849.696071,77214
1478089849.700849,80242
1478089849.706228,80242
1478089849.710894,80242
1478089849.715487,77214
1478089849.720395,80242
1478089849.725206,77214
1478089849.730038,77214
1478089849.734957,80242
1478089849.740651,81756
1478089849.746311,80242
1478089849.751531,80242
1478089849.756612,81756
1478089849.762022,81756
1478089849.767085,81756
1478089849.771845,81756
1478089849.776231,81756
1478089849.780353,80242
1478089849.784829,80242
1478089849.789178,80242
1478089849.793863,81756
1478089849.797775,78728
1478089849.802049,81756
1478089849.806574,81756
1478089849.810858,83270
1478089849.815132,83270
1478089849.819269,81756
1478089849.823775,81756
1478089849.827709,83270
1478089849.832301,83270
1478089849.836476,83270
1478089849.840968,80242
1478089849.845229,81756
1478089849.849173,83270
1478089849.853359,81756
1478089849.857938,80242
1478089849.863261,80242
1478089849.867678,83270
1478089849.872836,83270
1478089849.877912,83270
1478089849.884389,83270
1478089849.889552,83270
1478089849.894270,83270
1478089849.899052,83270
1478089849.904001,83270
1478089849.908676,83270
1478089849.913761,83270
1478089849.918597,83270
1478089849.923602,83270
1478089849.930310,83270
1478089849.935612,84784
1478089849.940124,84784
1478089849.945420,83270
1478089849.950165,84784
1478089849.955212,84784
1478089849.961752,84784
1478089849.966816,84784
1478089849.971872,84784
1478089849.976555,84784
1478089849.980406,86298
1478089849.984989,86298
1478089849.989288,86298
1478089849.993893,83270
1478089849.998412,84784
1478089850.002353,84784
1478089850.006645,86298
1478089850.011805,87812
1478089850.017470,86298
1478089850.022785,86298
1478089850.027947,84784
1478089850.032724,86298
1478089850.037510,86298
1478089850.042359,84784
1478089850.047253,84784
1478089850.051944,86298
1478089850.056558,86298
1478089850.061461,86298
1478089850.066307,86298
1478089850.071026,86298
1478089850.075970,84784
1478089850.080689,87812
1478089850.085246,87812
1478089850.089939,87812
1478089850.094751,87812
1478089850.099593,87812
1478089850.104207,87812
1478089850.109582,87812
1478089850.116110,87812
1478089850.120232,89326
1478089850.124435,86298
1478089850.129118,87812
1478089850.133233,87812
1478089850.137319,89326
1478089850.141097,87812
1478089850.145815,87812
1478089850.150647,89326
1478089850.155727,89326
1478089850.160568,89326
1478089850.165307,89326
1478089850.170641,89326
1478089850.175531,87812
1478089850.180254,89326
1478089850.185606,90840
1478089850.190152,89326
1478089850.194761,87812
1478089850.199495,89326
1478089850.204185,89326
1478089850.210609,90840
1478089850.215032,90840
1478089850.220018,90840
1478089850.225128,92354
1478089850.230013,92354
1478089850.235068,90840
1478089850.239555,90840
1478089850.243992,92354
1478089850.248932,92354
1478089850.253475,92354
1478089850.258538,92354
1478089850.262320,90840
1478089850.266903,90840
1478089850.270865,92354
1478089850.275253,92354
1478089850.279725,89326
1478089850.285260,89326
1478089850.290354,90840
1478089850.295167,92354
1478089850.302298,92354
1478089850.307394,92354
1478089850.312012,89326
1478089850.317235,84784
1478089850.321955,81756
1478089850.326770,80242
1478089850.331876,77214
1478089850.336775,74186
1478089850.346375,66616
1478089850.351311,63588
1478089850.355787,62074
1478089850.360201,59046
1478089850.365262,56018
1478089850.369717,52990
1478089850.374773,49962
1478089850.379602,46934
1478089850.384363,43906
1478089850.389685,40878
1478089850.394232,37850
1478089850.402781,31794
1478089850.407214,28766
1478089850.411075,25738
1478089850.415519,22710
1478089850.419577,21196
1478089850.423911,19682
1478089850.428542,21196
1478089850.433399,19682
1478089850.438797,22710
1478089850.444572,22710
1478089850.450480,21196
1478089850.455396,21196
1478089850.460163,22710
1478089850.465111,24224
1478089850.469698,22710
1478089850.476859,24224
1478089850.482017,24224
1478089850.486682,24224
1478089850.491944,24224
1478089850.497060,27252
1478089850.501425,24224
1478089850.506538,24224
1478089850.510869,27252
1478089850.515728,25738
1478089850.521062,25738
1478089850.525842,28766
1478089850.531100,28766
1478089850.537001,28766
1478089850.541463,28766
1478089850.546312,28766
1478089850.550372,30280
1478089850.554425,28766
1478089850.558245,30280
1478089850.562527,31794
1478089850.566665,28766
1478089850.571515,28766
1478089850.575979,30280
1478089850.581170,30280
1478089850.586499,31794
1478089850.591421,33308
1478089850.596345,33308
1478089850.601014,30280
1478089850.606086,33308
1478089850.611241,33308
1478089850.615664,33308
1478089850.626761,33308
1478089850.631273,33308
1478089850.655200,36336
1478089850.664786,36336
1478089850.669568,36336
1478089850.674779,36336
1478089850.679594,36336
1478089850.684299,36336
1478089850.688768,37850
1478089850.692916,37850
1478089850.697555,36336
1478089850.701402,37850
1478089850.706137,39364
1478089850.709872,39364
1478089850.713965,37850
1478089850.718626,37850
1478089850.724942,39364
1478089850.730015,39364
1478089850.734441,39364
1478089850.739593,39364
1478089850.744165,40878
1478089850.749032,40878
1478089850.754012,40878
1478089850.758631,40878
1478089850.763794,40878
1478089850.769003,40878
1478089850.773308,42392
1478089850.778322,42392
1478089850.782879,42392
1478089850.787547,42392
1478089850.792480,42392
1478089850.797283,42392
1478089850.802689,42392
1478089850.809767,43906
1478089850.814235,43906
1478089850.819316,43906
1478089850.823796,40878
1478089850.827844,42392
1478089850.831823,43906
1478089850.835638,40878
1478089850.839663,43906
1478089850.844079,43906
1478089850.848083,45420
1478089850.852756,42392
1478089850.856879,43906
1478089850.861941,43906
1478089850.866898,42392
1478089850.871717,43906
1478089850.876608,43906
1478089850.881503,45420
1478089850.887229,46934
1478089850.892132,46934
1478089850.897292,46934
1478089850.903114,45420
1478089850.908277,45420
1478089850.913109,45420
1478089850.918148,45420
1478089850.923189,45420
1478089850.927737,46934
1478089850.933083,48448
1478089850.937732,48448
1478089850.942626,48448
1478089850.947442,48448
1478089850.952135,45420
1478089850.956916,46934
1478089850.961495,48448
1478089850.966658,49962
1478089850.971424,46934
1478089850.975543,48448
1478089850.979589,48448
1478089850.983689,49962
1478089850.988167,46934
1478089850.992581,48448
1478089850.996499,49962
1478089851.001105,49962
1478089851.006359,51476
1478089851.010977,51476
1478089851.015444,51476
1478089851.022069,48448
1478089851.026971,49962
1478089851.031376,49962
1478089851.035832,49962
1478089851.040581,51476
1478089851.045367,51476
1478089851.050291,51476
1478089851.054840,52990
1478089851.059681,51476
1478089851.064448,52990
1478089851.068935,52990
1478089851.074006,52990
1478089851.078806,52990
1478089851.085225,51476
1478089851.090144,51476
1478089851.094837,52990
1478089851.099711,51476
1478089851.105216,51476
1478089851.109569,54504
1478089851.113688,52990
1478089851.117562,54504
1478089851.121870,54504
1478089851.126207,52990
1478089851.130305,54504
1478089851.134795,54504
1478089851.138748,56018
1478089851.143039,54504
1478089851.148213,54504
1478089851.152695,54504
1478089851.157714,54504
1478089851.162165,54504
1478089851.166816,54504
1478089851.172106,54504
1478089851.177759,56018
1478089851.182597,57532
1478089851.187620,57532
1478089851.191999,57532
1478089851.196955,57532
1478089851.201745,54504
1478089851.206665,54504
1478089851.212130,57532
1478089851.216492,57532
1478089851.221335,57532
1478089851.226315,57532
1478089851.231048,59046
1478089851.235640,59046
1478089851.240531,56018
1478089851.245026,57532
1478089851.249463,57532
1478089851.253797,57532
1478089851.257824,59046
1478089851.262279,59046
1478089851.266954,59046
1478089851.270987,59046
1478089851.274823,60560
1478089851.279159,60560
1478089851.283459,59046
1478089851.287592,59046
1478089851.291933,60560
1478089851.296187,60560
1478089851.300320,59046
1478089851.304513,59046
1478089851.309251,59046
1478089851.313521,60560
1478089851.317845,57532
1478089851.321855,60560
1478089851.325713,62074
1478089851.330082,62074
1478089851.335169,62074
1478089851.340075,62074
1478089851.345214,62074
1478089851.350064,62074
1478089851.355259,62074
1478089851.361417,60560
1478089851.366355,62074
1478089851.371221,60560
1478089851.375797,62074
1478089851.380616,62074
1478089851.385629,60560
1478089851.390262,62074
1478089851.395106,62074
1478089851.399566,62074
1478089851.404600,62074
1478089851.409553,62074
1478089851.414180,62074
1478089851.418795,62074
1478089851.424501,62074
1478089851.429524,63588
1478089851.434440,65102
1478089851.439438,65102
1478089851.444598,65102
1478089851.449653,63588
1478089851.453341,62074
1478089851.457507,63588
1478089851.462049,63588
1478089851.465882,65102
1478089851.469904,63588
1478089851.473947,63588
1478089851.478929,65102
1478089851.483458,66616
1478089851.488059,66616
1478089851.493903,65102
1478089851.498438,65102
1478089851.503342,65102
1478089851.508316,65102
1478089851.513016,65102
1478089851.518449,65102
1478089851.522975,65102
1478089851.527728,65102
1478089851.533029,66616
1478089851.538004,66616
1478089851.544726,66616
1478089851.550121,66616
1478089851.554956,66616
1478089851.559818,66616
1478089851.564669,66616
1478089851.569291,66616
1478089851.576772,63588
1478089851.581867,65102
1478089851.586862,66616
1478089851.591513,66616
1478089851.595621,68130
1478089851.600084,68130
1478089851.612721,68130
1478089851.617153,68130
1478089851.630353,68130
1478089851.635766,66616
1478089851.641014,68130
1478089851.655603,71158
1478089851.679749,71158
1478089851.684680,71158
1478089851.689234,71158
1478089851.693981,71158
1478089851.698984,71158
1478089851.703586,71158
1478089851.708173,72672
1478089851.713501,72672
1478089851.717911,72672
1478089851.722947,72672
1478089851.728504,71158
1478089851.733800,71158
1478089851.738255,71158
1478089851.742566,72672
1478089851.746946,72672
1478089851.750886,71158
1478089851.755047,71158
1478089851.758825,72672
1478089851.763209,72672
1478089851.767855,72672
1478089851.772459,72672
1478089851.777032,72672
1478089851.781882,72672
1478089851.786335,74186
1478089851.790800,74186
1478089851.795960,74186
1478089851.800662,74186
1478089851.805673,74186
1478089851.811256,72672
1478089851.815850,72672
1478089851.821274,74186
1478089851.827107,75700
1478089851.831735,75700
1478089851.836720,75700
1478089851.841647,75700
1478089851.846288,75700
1478089851.851127,75700
1478089851.855780,72672
1478089851.860633,75700
1478089851.865865,75700
1478089851.870625,75700
1478089851.874973,75700
1478089851.879209,74186
1478089851.883681,75700
1478089851.887555,77214
1478089851.893101,75700
1478089851.897101,77214
1478089851.901562,74186
1478089851.906181,75700
1478089851.910502,75700
1478089851.916183,74186
1478089851.921158,74186
1478089851.925936,77214
1478089851.931134,77214
1478089851.935481,74186
1478089851.940579,74186
1478089851.945470,77214
1478089851.950245,78728
1478089851.955716,78728
1478089851.960597,78728
1478089851.965208,78728
1478089851.970118,78728
1478089851.975055,78728
1478089851.979883,78728
1478089851.984383,78728
1478089851.989401,78728
1478089851.994262,78728
1478089851.998993,78728
1478089852.004089,78728
1478089852.010484,78728
1478089852.015230,77214
1478089852.019927,78728
1478089852.023780,78728
1478089852.027763,80242
1478089852.031785,78728
1478089852.036305,78728
1478089852.040248,80242
1478089852.044931,80242
1478089852.048873,78728
1478089852.053925,78728
1478089852.058337,78728
1478089852.062848,78728
1478089852.067299,80242
1478089852.071826,80242
1478089852.076438,80242
1478089852.081236,81756
1478089852.086079,81756
1478089852.090663,78728
1478089852.095651,81756
1478089852.102094,80242
1478089852.109593,80242
1478089852.114156,80242
1478089852.119291,80242
1478089852.124237,80242
1478089852.129013,80242
1478089852.133728,80242
1478089852.138209,80242
1478089852.143098,81756
1478089852.147959,81756
1478089852.152805,81756
1478089852.158231,81756
1478089852.162198,81756
1478089852.166761,81756
1478089852.171148,83270
1478089852.175190,83270
1478089852.178935,81756
1478089852.183382,83270
1478089852.187401,83270
1478089852.192872,83270
1478089852.198049,83270
1478089852.203194,81756
1478089852.208373,81756
1478089852.213984,83270
1478089852.218545,83270
1478089852.223004,83270
1478089852.227441,83270
1478089852.232337,83270
1478089852.237169,84784
1478089852.242113,83270
1478089852.247261,83270
1478089852.252501,83270
1478089852.256860,83270
1478089852.261488,83270
1478089852.265952,84784
1478089852.270243,84784
1478089852.274937,84784
1478089852.286673,83270
