0.001085383 511
0.003495450 511
0.003511768 511
0.004463844 511
0.004486289 511
0.007780650 511
0.007836538 511
0.011299888 511
0.013214977 511
0.014643772 511
0.014660882 511
0.014931588 511
0.018192514 511
0.020094128 511
0.021382620 511
0.021401335 511
0.025570835 511
0.027841860 511
0.028344242 511
0.028361972 511
0.029365099 511
0.029389021 511
0.035171168 511
0.038592829 511
0.038620878 511
0.041623386 511
0.041650737 511
0.041912678 511
0.041925430 511
0.045411076 511
0.045449626 511
0.048742688 511
0.048755129 511
0.052164570 511
0.052200225 511
0.059048154 511
0.059075930 511
0.061410186 511
0.061441009 511
0.062199547 511
0.062221173 511
0.065808293 511
0.065833360 511
0.068818630 511
0.068841084 511
0.072598826 511
0.072627512 511
0.074462779 511
0.074592177 511
0.075928459 511
0.079463251 511
0.081859953 511
0.082221926 511
0.082234475 511
0.082731660 511
0.082740209 511
0.089601964 511
0.089621622 511
0.093027544 511
0.093058978 511
0.096355255 511
0.096374006 511
0.099884906 511
0.099913975 511
0.106684208 511
0.106719501 511
0.107367630 511
0.107382621 511
0.110069462 511
0.110091002 511
0.116838859 511
0.116869112 511
0.120357417 511
0.120403091 511
0.121010896 511
0.121022897 511
0.121325017 511
0.121337130 511
0.123615817 511
0.127042039 511
0.128651270 511
0.128679727 511
0.130135679 511
0.130807020 511
0.133910030 511
0.133939311 511
0.137028708 511
0.137051639 511
0.140724743 511
0.143812118 511
0.147512871 511
0.147549361 511
0.150629113 511
0.150655043 511
0.154306818 511
0.154334214 511
0.157514125 511
0.157545235 511
0.161184044 511
0.161222018 511
0.164493747 511
0.164522254 511
0.167957010 511
0.167993319 511
0.171337385 511
0.171364833 511
0.174735359 511
0.174771790 512
0.175130868 512
0.175143565 512
0.175483593 512
0.175494892 512
0.181606910 512
0.181633114 512
0.182933196 512
0.182948804 512
0.188362255 512
0.190355063 512
0.190693597 512
0.190711319 512
0.191681062 512
0.198558754 512
0.201983871 512
0.202013255 512
0.205321823 512
0.205350563 512
0.207450010 512
0.207473690 512
0.209537884 512
0.209565075 512
0.210824394 512
0.211616706 512
0.211629426 512
0.213830090 512
0.214848600 512
0.214867141 512
0.220128243 512
0.221770245 512
0.221808582 512
0.222204993 512
0.223423280 512
0.223438042 512
0.225632094 512
0.226457999 512
0.228597129 512
0.230699567 512
0.230723592 512
0.233796455 512
0.234974943 512
0.234989692 512
0.237522185 512
0.239158085 512
0.239181501 512
0.240594656 512
0.241270537 512
0.243405256 512
0.245602628 512
0.246218675 512
0.247641631 512
0.247664324 512
0.250432789 512
0.251860952 512
0.251881400 512
0.254497537 512
0.256263965 512
0.256283713 512
0.258230104 512
0.259199044 512
0.260346977 512
0.262475213 512
0.263205122 512
0.264590085 512
0.264611916 512
0.268028461 512
0.268827931 512
0.268846383 512
0.270962601 512
0.273053307 512
0.273083379 512
0.274718893 512
0.275152785 512
0.277470839 512
0.279736264 512
0.279754920 512
0.281131692 512
0.283672455 512
0.283699083 512
0.286466237 512
0.286487338 512
0.286860473 512
0.287208270 512
0.290054588 512
0.293282429 512
0.293310529 512
0.294206974 512
0.294501421 512
0.296335037 512
0.298426691 512
0.298442532 512
0.300637816 512
0.302663574 512
0.302681287 512
0.304081417 512
0.306994318 512
0.309142668 512
0.310273780 512
0.310284640 512
0.311161292 512
0.311177654 512
0.315395498 512
0.316444335 512
0.316458551 512
0.317530048 512
0.319684708 512
0.320852640 512
0.321749177 512
0.321768579 512
0.323922921 512
0.325962920 512
0.325980288 512
0.327799222 512
0.330303824 512
0.330326244 512
0.333718248 512
0.333745049 512
0.334440488 512
0.336614363 512
0.338690696 512
0.339461463 512
0.339478680 512
0.339890268 512
0.340855324 512
0.345068984 512
0.346139036 512
0.346151249 512
0.347160114 512
0.349291730 512
0.350600810 512
0.351439498 512
0.351461727 512
0.353566283 512
0.355602641 512
0.355619537 512
0.356868710 512
0.357730583 512
0.359887835 512
0.362989561 512
0.363006896 512
0.364131067 512
0.366242999 512
0.368334405 512
0.369415881 512
0.369437646 512
0.370468133 512
0.370954945 512
0.372637387 512
0.374665940 512
0.374679974 512
0.376864870 512
0.380355865 512
0.380374394 512
0.381060843 512
0.383250679 512
0.383277046 512
0.386360022 512
0.386378340 512
0.387320876 512
0.389548078 512
0.391679802 512
0.392725354 512
0.392746808 512
0.393787937 512
0.394303512 512
0.395858079 512
0.397992901 512
0.398013109 512
0.400554099 512
0.402253081 512
0.402283882 512
0.405239126 512
0.406490072 512
0.406509066 512
0.409077600 512
0.410701238 512
0.410731739 512
0.413857388 512
0.414971419 512
0.414994103 512
0.419339806 512
0.421279053 512
0.421299874 512
0.421305824 512
0.423777340 511
0.425587683 511
0.425608477 510
0.428187128 510
0.428721684 509
0.428741813 509
0.431899653 508
0.433957824 508
0.433968913 507
0.436239777 507
0.438218505 506
0.438237788 506
0.439802527 505
0.440322745 505
0.442474555 504
0.446015608 504
0.446027204 503
0.446727195 503
0.448856748 502
0.448885563 502
0.451267021 501
0.451289158 501
0.452265211 500
0.453041512 500
0.456451105 499
0.457345143 499
0.457365907 498
0.458662981 498
0.461518286 497
0.461542902 497
0.464648754 496
0.464670135 496
0.465752205 495
0.466419139 495
0.467915007 494
0.469954437 494
0.472124999 493
0.474090693 493
0.474118931 492
0.474467897 492
0.476008262 491
0.476026052 491
0.480601885 490
0.481076462 490
0.481087599 489
0.482005876 489
0.482653783 488
0.484834811 488
0.487939716 487
0.487954306 487
0.489100662 486
0.491176346 486
0.492561155 485
0.493268523 485
0.493277811 484
0.495423028 484
0.497235225 483
0.497255087 483
0.499183498 482
0.501789775 482
0.501810389 481
0.504251548 481
0.504260296 480
0.504727450 480
0.505088087 479
0.505990121 479
0.511482163 478
0.511497192 478
0.512327164 477
0.514463809 477
0.516586472 476
0.517825719 476
0.517833700 475
0.518666651 475
0.520906693 474
0.522941230 474
0.524578207 473
0.524606820 473
0.525004635 472
0.527176810 472
0.527198507 471
0.529264719 471
0.529285689 470
0.530898070 470
0.533560708 469
0.533586910 469
0.536959106 468
0.536981984 468
0.537702865 467
0.539897380 467
0.542055024 466
0.543742904 466
0.543767105 465
0.544056483 465
0.546206456 464
0.546231463 464
0.550066918 463
0.550091121 463
0.550411292 462
0.552668506 462
0.552689174 461
0.554702211 461
0.554716737 460
0.556361763 460
0.556782250 459
0.558986448 459
0.559990207 458
0.560006141 458
0.563254588 457
0.565287600 457
0.565880460 456
0.567435631 456
0.567464705 455
0.569504430 455
0.570674771 454
0.571604874 454
0.573803707 453
0.574248283 453
0.575887280 452
0.575917926 452
0.578846404 451
0.580151104 451
0.580162427 450
0.582696723 450
0.584391982 449
0.584416489 449
0.587209841 448
0.587582304 448
0.587586562 447
0.590676409 447
0.592821379 446
0.592848667 446
0.595784038 445
0.597083613 445
0.597099339 444
0.599563301 444
0.601276627 443
0.601301413 443
0.604088499 442
0.605592704 442
0.605608605 441
0.608224117 441
0.609744922 440
0.609769021 440
0.612364959 439
0.613998732 439
0.614020489 438
0.616807559 438
0.618212574 437
0.618229421 437
0.620773795 436
0.622460413 436
0.622484256 435
0.625130870 435
0.626002612 434
0.626023888 434
0.628858239 433
0.630921477 433
0.632412205 432
0.633001768 432
0.633010825 431
0.635129315 431
0.637892590 430
0.637908022 430
0.639414496 429
0.640942659 429
0.641477521 428
0.642842243 428
0.643625884 427
0.645777955 427
0.647754936 426
0.649020975 426
0.649947616 425
0.649962671 425
0.652106536 424
0.655356438 424
0.655369406 423
0.656340563 423
0.658519427 422
0.659817591 422
0.660576834 421
0.660599747 421
0.662699613 420
0.664794059 420
0.664815913 419
0.666385238 419
0.669101999 418
0.669127556 418
0.672536648 417
0.672559324 417
0.673226070 416
0.675410359 416
0.677511857 415
0.678622459 415
0.678632166 414
0.679666435 414
0.681779098 413
0.683165441 413
0.683823633 412
0.683834807 412
0.686033940 411
0.686923010 411
0.686931857 410
0.692398135 410
0.694444971 409
0.694483921 409
0.695990376 408
0.696008355 408
0.696585128 407
0.698688134 407
0.698709945 406
0.701308630 406
0.701319689 405
0.702167759 405
0.702900564 404
0.707183462 404
0.708862542 403
0.708886417 403
0.709269757 402
0.711414880 402
0.711431583 401
0.714709300 401
0.714719453 400
0.715615859 400
0.717767180 399
0.719833898 399
0.721206454 398
0.721231143 398
0.721996964 397
0.724116735 397
0.724844450 396
0.726177907 396
0.726185590 395
0.728323970 395
0.730443588 394
0.731552000 394
0.732612576 393
0.732635812 393
0.733266193 392
0.736233295 392
0.736775155 391
0.738935319 391
0.741045271 390
0.741629741 390
0.741637471 389
0.743130890 389
0.745327975 388
0.747372069 388
0.748521619 387
0.748549388 387
0.749489904 386
0.750581806 386
0.751626380 385
0.753056974 385
0.753698162 384
0.755895154 384
0.756966078 383
0.757951837 383
0.759806780 382
0.762231735 382
0.764161458 381
0.764198687 381
0.764518036 380
0.764532174 380
0.766110667 379
0.768572749 379
0.768594000 378
0.771203573 378
0.771214587 377
0.771915927 377
0.772860006 376
0.777043161 376
0.777608171 375
0.777621685 375
0.779203069 374
0.781272493 374
0.782274607 373
0.783378979 373
0.783394327 372
0.786347546 372
0.787591731 371
0.787606923 371
0.789732828 370
0.790248065 370
0.791864688 369
0.793984290 369
0.794447973 368
0.796121700 368
0.796141676 367
0.799043099 367
0.800322234 366
0.800343443 366
0.802881954 365
0.804541911 365
0.804560474 364
0.807999194 364
0.808787401 363
0.808805177 363
0.810970753 362
0.813023888 362
0.813047228 361
0.815152185 361
0.817337808 360
0.817364554 360
0.819347064 359
0.819367070 359
0.820473432 358
0.823595429 358
0.825066415 357
0.825701087 357
0.825714870 356
0.827586853 356
0.829952400 355
0.829979449 355
0.832102309 354
0.833273709 354
0.834192492 353
0.836227612 353
0.837765916 352
0.838404548 352
0.838413464 351
0.840593271 351
0.843166390 350
0.843185310 350
0.844025997 349
0.844785424 349
0.849071571 348
0.850096939 348
0.850104535 347
0.851140676 347
0.853249397 346
0.853537404 346
0.855379616 345
0.855401511 345
0.858506283 344
0.859657600 344
0.859672219 343
0.863090492 343
0.863818305 342
0.863830427 342
0.866033632 341
0.867056622 341
0.867065084 340
0.872343997 340
0.874460225 339
0.874486796 339
0.874997368 338
0.875765889 338
0.875773240 337
0.878695453 337
0.881908418 336
0.881929288 336
0.882925134 335
0.885015918 335
0.885366042 334
0.886498363 334
0.886507141 333
0.889285708 333
0.891563076 332
0.891580734 332
0.892773250 331
0.895620057 331
0.895639891 330
0.898410059 330
0.898421336 329
0.898950743 329
0.899842454 328
0.904088521 328
0.905201137 327
0.905222282 327
0.906200153 326
0.908316257 326
0.909883006 325
0.910391142 325
0.910398803 324
0.912654053 324
0.914602311 323
0.914619137 323
0.916762831 322
0.921026031 322
0.921044108 321
0.921316045 321
0.923160065 320
0.923181422 320
0.925311105 319
0.927868344 319
0.927877534 318
0.929492453 318
0.930111728 317
0.931616496 317
0.932465550 316
0.933766429 316
0.935845535 315
0.936303662 315
0.937957216 314
0.940069780 314
0.940912490 313
0.942197225 313
0.942213332 312
0.944800249 312
0.946425433 311
0.946453040 311
0.949973042 310
0.950624792 310
0.950632259 309
0.952828489 309
0.954954908 308
0.954980886 308
0.957043437 307
0.959123378 307
0.959984201 306
0.961290137 306
0.961301844 305
0.964699222 305
0.965509041 304
0.965528882 304
0.967644685 303
0.968347363 303
0.968357493 302
0.971799856 302
0.973985343 301
0.974014072 301
0.976078102 300
0.976096102 300
0.978171626 299
0.982455112 299
0.982478436 298
0.982485295 298
0.984582059 297
0.986687907 297
0.986703433 296
0.987737601 296
0.988785824 295
0.988807423 295
0.990903979 294
0.993026986 294
0.993045587 293
0.996474909 293
0.997291009 292
0.997315130 292
0.999402090 291
1.000081013 291
1.000089927 290
1.003577263 290
1.005757899 289
1.005788941 289
1.008406431 288
1.008421556 288
1.009872716 287
1.012103072 287
1.014193727 286
1.015237265 286
1.015244177 285
1.016327798 285
1.018510452 284
1.019107322 284
1.020178010 283
1.020196094 283
1.022699950 282
1.026750432 282
1.026759590 281
1.027417236 281
1.027425559 280
1.029071047 280
1.031142394 279
1.032205394 279
1.033259906 278
1.033282249 278
1.035337713 277
1.036663231 277
1.037454927 276
1.039720830 276
1.041082713 275
1.041448886 275
1.041455701 274
1.043870607 274
1.048072408 273
1.048087843 273
1.048504749 272
1.049391668 272
1.049399672 271
1.052284809 271
1.055600258 270
1.055615231 270
1.056560872 269
1.058660597 269
1.059914340 268
1.060815909 268
1.060833003 267
1.062905639 267
1.066359858 266
1.066372785 266
1.067094749 265
1.069267434 265
1.071416787 264
1.071833093 264
1.071840985 263
1.072700868 263
1.073449606 262
1.077709343 262
1.078553660 261
1.078567231 261
1.079845684 260
1.082011128 260
1.082782970 259
1.084086240 259
1.084103074 258
1.086709384 258
1.088390739 257
1.088416394 256
1.091413293 256
1.092598273 256
1.092612513 255
1.095108285 255
1.096792319 254
1.096818138 254
1.099655430 253
1.101035417 253
1.101051773 252
1.103502752 252
1.105254088 251
1.105279288 251
1.108629332 250
1.109451712 250
1.109461375 249
1.111613678 249
1.113775426 248
1.113805983 248
1.115809001 247
1.117997048 247
1.118715030 246
1.120104082 246
1.120122861 245
1.123056820 245
1.124381348 244
1.124402178 244
1.127226510 243
1.128602082 243
1.128618449 242
1.131427781 242
1.132821729 241
1.132843938 241
1.135530161 240
1.136995233 240
1.137014118 239
1.139856229 239
1.141268744 238
1.141288163 238
1.143835023 237
1.145526348 237
1.145545725 236
1.148303890 236
1.149755936 235
1.149774524 235
1.152496853 234
1.153938401 234
1.153949877 233
1.156577175 233
1.158210738 232
1.158239358 232
1.160256029 231
1.161277666 231
1.161295051 230
1.164552558 230
1.164987091 229
1.166753634 229
1.166777080 228
1.168775932 228
1.170288309 227
1.170870614 227
1.173030209 226
1.174700263 226
1.175100454 225
1.175114142 225
1.176612654 224
1.179376538 224
1.179398999 223
1.182822063 223
1.182842774 222
1.183562098 222
1.185732295 221
1.187872982 221
1.188701579 220
1.188715827 220
1.189572365 219
1.189917545 219
1.192088119 218
1.195229877 218
1.195238605 217
1.196286196 217
1.196579535 216
1.198470436 216
1.200507999 215
1.200524034 215
1.202693873 214
1.204776824 214
1.204792058 213
1.206714137 213
1.211129231 212
1.211154763 212
1.212367600 211
1.212383000 211
1.213210163 210
1.215364557 210
1.217476614 209
1.218513938 209
1.218523275 208
1.219622364 208
1.221711262 207
1.223040049 207
1.223814127 206
1.223829826 206
1.226665712 205
1.228365766 205
1.228375333 204
1.230242515 204
1.232331855 203
1.234461918 203
1.235769687 202
1.235781163 202
1.236506733 201
1.236515581 201
1.240814249 200
1.241990693 200
1.242001880 199
1.242311489 199
1.242858932 198
1.245033788 198
1.248219086 197
1.248234151 197
1.249260693 196
1.250097070 196
1.251378658 195
1.252760237 195
1.253434613 194
1.255642848 194
1.257595679 193
1.258029251 193
1.259335533 192
1.259351490 192
1.262009766 191
1.264634496 191
1.264651801 190
1.264990931 190
1.265530343 189
1.268286344 189
1.270360797 188
1.270375346 188
1.271628906 187
1.273031241 187
1.273428175 186
1.276251256 186
1.276744840 185
1.278928076 185
1.280873493 184
1.281185221 184
1.282663196 183
1.282699917 183
1.285261776 182
1.288485469 182
1.288502960 181
1.289451484 181
1.291559786 180
1.292801009 180
1.293678480 179
1.293694855 179
1.295812236 178
1.297956080 178
1.297973090 177
1.300896113 177
1.302174689 176
1.302190185 176
1.304826917 175
1.306441152 175
1.306453694 174
1.309210931 174
1.310652964 173
1.310674353 173
1.313241883 172
1.314966489 172
1.314977833 171
1.317831873 171
1.319128339 170
1.319146416 170
1.321872053 169
1.323332639 169
1.323343020 168
1.325979965 168
1.327588002 167
1.327609986 167
1.329654744 166
1.330509358 166
1.330518074 165
1.331801183 165
1.336086944 164
1.337120525 164
1.337141557 163
1.338139742 163
1.340294214 162
1.342418533 162
1.343538797 161
1.343555069 161
1.344542704 160
1.345037444 160
1.346675971 159
1.348737866 159
1.348750459 158
1.350917466 158
1.352972552 157
1.352991857 157
1.354365381 156
1.357372735 156
1.359325843 155
1.359708151 155
1.359718563 154
1.361008728 154
1.361425044 153
1.363612369 153
1.367059792 152
1.367076772 152
1.367827592 151
1.368164510 151
1.369925698 150
1.373031913 150
1.373046450 149
1.374182838 149
1.374988640 148
1.375277980 148
1.376636396 147
1.377658326 147
1.380542617 146
1.382739560 146
1.384002058 145
1.384750177 145
1.384759897 144
1.386877827 144
1.389560790 143
1.389577774 143
1.390250968 142
1.391080295 142
1.395320252 141
1.396339481 141
1.396346486 140
1.397491524 140
1.399594134 139
1.400838573 139
1.401664780 138
1.401682463 138
1.403860682 137
1.406059290 137
1.406070396 136
1.406923011 136
1.410241064 135
1.412270895 135
1.413347335 134
1.413365319 134
1.414410193 133
1.416533553 133
1.417815424 132
1.418607842 132
1.418617290 131
1.420840755 131
1.422841776 130
1.422864131 130
1.424245539 129
1.425400096 128
1.428534263 128
1.429194145 128
1.429201887 127
1.431406801 127
1.434776804 126
1.434793105 126
1.435577790 125
1.437716226 125
1.439825995 124
1.441305442 124
1.441317761 123
1.441945283 123
1.444072206 122
1.444100180 122
1.446152413 121
1.446169709 121
1.448234605 120
1.450429975 120
1.450444147 119
1.454033814 119
1.454045697 118
1.454633083 118
1.456813584 117
1.456839036 117
1.459208342 116
1.459228578 116
1.459518117 115
1.460986834 115
1.463751374 114
1.465260917 114
1.465274475 113
1.467958004 113
1.469446233 112
1.469462831 112
1.471551981 111
1.472204582 111
1.473765899 110
1.475804986 110
1.476475590 109
1.477928077 109
1.477941575 108
1.481297242 108
1.482146943 107
1.482165420 107
1.484345418 106
1.485318615 106
1.485330616 105
1.488498606 105
1.489385584 104
1.489405336 104
1.492491699 103
1.494915384 103
1.496998111 102
1.498213153 102
1.498225484 101
1.499078406 101
1.501263126 100
1.501865714 100
1.502414675 99
1.502433215 99
1.505322332 98
1.509724194 98
1.509743950 97
1.511083267 97
1.511092848 96
1.511781953 96
1.513952008 95
1.516084854 95
1.517216365 94
1.517231690 94
1.518144087 93
1.518493705 93
1.518940939 92
1.521757962 92
1.522354373 91
1.524568857 91
1.526679133 90
1.528203623 90
1.528743239 89
1.528758681 89
1.530899407 88
1.534466463 88
1.534476805 87
1.535083160 87
1.537303550 86
1.537325744 86
1.539677505 85
1.539696299 85
1.540559091 84
1.541227014 84
1.545741399 83
1.546769440 83
1.546777205 82
1.547858595 82
1.549992897 81
1.551599809 81
1.551997022 80
1.552009356 80
1.554207963 79
1.556105884 79
1.556117244 78
1.558050954 78
1.562631092 77
1.562656242 77
1.563047983 76
1.563059106 76
1.563921276 75
1.564768953 75
1.569024552 74
1.570076097 74
1.570083955 73
1.571102685 73
1.575164899 72
1.576604893 72
1.577416140 71
1.577431705 71
1.577433595 70
1.579662794 70
1.583060202 69
1.583082556 69
1.583798047 68
1.585949897 68
1.586915113 67
1.588013685 67
1.588021740 66
1.590124411 66
1.592300524 65
1.592319186 64
1.595890863 64
1.595914746 64
1.596488515 63
1.598640496 63
1.598655846 62
1.601202489 62
1.601213318 61
1.601569130 61
1.602157843 60
1.605010289 60
1.608161801 59
1.608177410 59
1.609306514 58
1.611394044 58
1.612789388 57
1.613432911 57
1.613442902 56
1.615625980 56
1.616840786 55
1.616862018 55
1.618112691 54
1.619191723 54
1.621976391 53
1.624183949 53
1.624196850 52
1.625664908 52
1.626559201 51
1.626575090 51
1.630391141 50
1.630412774 50
1.633196428 49
1.634606900 49
1.634614917 48
1.636757222 48
1.637594767 47
1.638851989 47
1.640783331 46
1.641489556 46
1.643157859 45
1.643176435 45
1.645863507 44
1.647346584 44
1.647359063 43
1.650410744 43
1.651544114 42
1.651563825 42
1.653757751 41
1.655768654 41
1.655779317 40
1.658015255 40
1.659984730 39
1.659999867 39
1.661485202 38
1.664365808 38
1.664384817 37
1.665285567 37
1.665294704 36
1.668477023 36
1.670634764 35
1.670657515 35
1.672910107 34
1.672927524 34
1.674358205 33
1.677004126 32
1.677026968 32
1.679446892 32
1.679456787 31
1.680388609 31
1.681188347 30
1.684633878 30
1.685404745 29
1.685421038 29
1.686924210 28
1.689681489 28
1.689694014 27
1.692799358 27
1.692817164 26
1.693910657 26
1.694752235 25
1.696000741 25
1.697036878 24
1.698136440 24
1.700264168 23
1.701259801 23
1.702396827 22
1.703119874 22
1.703453459 21
1.704492552 21
1.706233163 20
1.708769529 20
1.710564692 19
1.711945433 19
1.712985152 18
1.713005630 18
1.715102121 17
1.716025304 16
1.717236681 16
1.718727026 16
1.719381676 17
1.721475178 17
1.723545231 17
1.725689217 17
1.725702727 17
1.726695124 17
1.727765192 17
1.727777833 17
1.732044768 17
1.734208985 17
1.734232278 17
1.736251016 17
1.737758328 17
1.737781439 17
1.738346103 17
1.740632596 17
1.740670953 17
1.742600333 18
1.742622508 18
1.744619292 18
1.749031934 18
1.749052872 18
1.750127838 18
1.751072101 18
1.751084996 18
1.753221324 18
1.755320810 18
1.755335855 18
1.758847451 18
1.759619806 18
1.759638990 18
1.761711558 18
1.763816859 18
1.765206516 18
1.765871229 18
1.765887662 19
1.768045723 19
1.771179358 19
1.771195671 19
1.772244972 19
1.774385628 19
1.775609888 19
1.776488991 19
1.776502736 19
1.778685211 19
1.780769446 19
1.780789584 19
1.782867705 19
1.785003149 19
1.785466445 19
1.787133063 19
1.787162634 19
1.790172377 19
1.791380391 19
1.791393956 20
1.793931170 20
1.795558626 20
1.795583783 20
1.798579691 20
1.799791307 20
1.799802897 20
1.802419005 20
1.803998895 20
1.804021130 20
1.807134690 20
1.808275497 20
1.808288661 20
1.811617558 20
1.812527553 20
1.812542899 20
1.814661942 20
1.817522125 20
1.817539944 20
1.818414120 20
1.818810978 21
1.820976873 21
1.824150160 21
1.824166511 21
1.825840613 21
1.827319213 21
1.829977401 21
1.830004802 21
1.831612583 21
1.833013994 21
1.833046525 21
1.833683782 21
1.835421929 21
1.835436183 21
1.837937891 21
1.837963599 21
1.841117417 21
1.841136208 21
1.842127001 21
1.844335290 21
1.845625084 21
1.846346062 22
1.846357039 22
1.848544424 22
1.851844816 22
1.851860513 22
1.852740736 22
1.854899964 22
1.856786005 22
1.858116290 22
1.858131629 22
1.859068210 22
1.861204999 22
1.862447215 22
1.863291012 22
1.863302793 22
1.865547707 22
1.869432834 22
1.869455782 22
1.871810891 22
1.873393023 22
1.873428929 22
1.873858926 22
1.873872342 23
1.875457085 23
1.878172337 23
1.878198837 23
1.881630889 23
1.881654618 23
1.882362895 23
1.884518287 23
1.886659836 23
1.887825999 23
1.887839618 23
1.888732746 23
1.890834813 23
1.892144958 23
1.892955202 23
1.892972062 23
1.895104506 23
1.897256449 23
1.897283257 23
1.899279024 23
1.901486171 23
1.901518883 23
1.904223867 23
1.904241495 24
1.905474674 24
1.906091923 24
1.907879968 24
1.911369352 24
1.911383623 24
1.912020007 24
1.914129215 24
1.914154558 24
1.917400102 24
1.917419385 24
1.918399389 24
1.920311680 24
1.921442726 24
1.922604451 24
1.922620162 24
1.924731397 24
1.926842041 24
1.926859798 24
1.928942556 24
1.930617795 24
1.930635073 24
1.933265573 24
1.935299656 24
1.936060847 25
1.937424787 25
1.937438568 25
1.940122265 25
1.941648227 25
1.941664619 25
1.944177894 25
1.945895243 25
1.945917650 25
1.948631837 25
1.950154717 25
1.950171515 25
1.952699361 25
1.954353513 25
1.954376622 25
1.957028014 25
1.958603805 25
1.958628636 25
1.961598364 25
1.962831267 25
1.962844021 25
1.965840670 25
1.967064755 25
1.967076037 25
1.969010094 25
1.971046292 26
1.971068972 26
1.975545111 26
1.975571901 26
1.976162840 26
1.976173074 26
1.976615085 26
1.977634215 26
1.981001958 26
1.981876020 26
1.981893338 26
1.984010377 26
1.986111211 26
1.986134165 26
1.987490442 26
1.988212835 26
1.992592589 26
1.993850846 26
1.993864159 26
1.994568027 26
1.994583414 26
1.996715311 26
1.999617445 26
1.999631477 26
2.001036795 26
2.003122427 26
2.005199367 27
2.005626755 27
2.005637226 27
2.007350903 27
2.008577117 27
2.009386892 27
2.010671620 27
2.011519376 27
2.013809890 27
2.015625264 27
2.016005936 27
2.017716304 27
2.017743793 27
2.022129089 27
2.023057753 27
2.023075179 27
2.024253877 27
2.025392721 27
2.026319587 27
2.028247870 27
2.030604285 27
2.030911172 27
2.030923037 27
2.032744223 27
2.032765123 27
2.036964352 27
2.038360598 27
2.038378145 28
2.039035231 28
2.040830553 28
2.040848700 28
2.043322412 28
2.043353435 28
2.046738563 28
2.046752071 28
2.047512978 28
2.049645205 28
2.049945760 28
2.051755490 28
2.051771759 28
2.053862538 28
2.056049502 28
2.056068214 28
2.059277027 28
2.059293160 28
2.060233005 28
2.061095916 28
2.062345884 28
2.063905866 28
2.064455370 28
2.066686392 28
2.068745270 28
2.069199710 28
2.069948934 28
2.069958109 28
2.072931335 29
2.075853338 29
2.075867674 29
2.077248907 29
2.077744934 29
2.079272941 29
2.080888039 29
2.081398328 29
2.083555388 29
2.084844626 29
2.085629296 29
2.086039920 29
2.087473821 29
2.092035097 29
2.092060519 29
2.092703273 29
2.092715390 29
2.093128019 29
2.094100946 29
2.096892718 29
2.098408729 29
2.098427863 29
2.100949018 29
2.102583297 29
2.102606313 29
2.105635335 29
2.106912834 29
2.106933087 29
2.110201631 29
2.111059217 30
2.111074172 30
2.113196425 30
2.115710104 30
2.115723594 30
2.117407668 30
2.119607986 30
2.120264307 30
2.121690187 30
2.121709636 30
2.125853393 30
2.127277325 30
2.127285851 30
2.127960158 30
2.127973900 30
2.130179537 30
2.133613404 30
2.133639917 30
2.134347424 30
2.136462020 30
2.136478389 30
2.139476360 30
2.139490195 30
2.140755547 30
2.142815457 30
2.144269168 30
2.144971334 30
2.144985649 30
2.147082996 30
2.148440461 30
2.148457238 31
2.151033184 31
2.153434703 31
2.155413511 31
2.155798440 31
2.155810490 31
2.157119571 31
2.157614098 31
2.159776949 31
2.162316030 31
2.162331030 31
2.162694852 31
2.163750837 31
2.168211537 31
2.169390282 31
2.169409025 31
2.170337676 31
2.172508111 31
2.173710703 31
2.174573781 31
2.174591195 31
2.176769646 31
2.178784692 31
2.178804207 31
2.180404144 31
2.183119204 31
2.183141201 31
2.185834870 31
2.185851221 31
2.186604421 31
2.187301503 31
2.191512584 32
2.192546782 32
2.192563586 32
2.193683981 32
2.195732191 32
2.197254814 32
2.197868016 32
2.197880649 32
2.200028335 32
2.202080809 32
2.202100772 32
2.204017872 32
2.205623994 32
2.205636758 32
2.207332567 32
2.208205336 32
2.209283619 32
2.209858998 32
2.212400967 32
2.213283681 32
2.214158502 32
2.215823552 32
2.216700250 32
2.218362149 32
2.219207803 32
2.220927326 32
2.221754621 32
2.222594172 32
2.224080086 32
2.225572072 32
2.226819074 32
2.227682022 32
2.229003405 33
2.229372778 33
2.231115667 33
2.232789446 33
2.233470317 33
2.235314244 33
2.236161569 33
2.237044584 33
2.238727279 33
2.239568412 33
2.241292204 33
2.242050674 33
2.242942619 33
2.244702805 33
2.245509376 33
2.247189659 33
2.248051395 33
2.248942021 33
2.250598915 33
2.252273969 33
2.252782064 33
2.254003822 33
2.255674521 33
2.256573603 33
2.258218475 33
2.258539377 33
2.259903774 33
2.261605631 33
2.262482117 33
2.264159493 33
2.265081581 33
2.266722410 33
2.267172299 33
2.268400536 34
2.270038355 34
2.270961936 34
2.272657899 34
2.273514407 34
2.274695413 34
2.275186088 34
2.277735462 34
2.278592488 34
2.280274825 34
2.281166384 34
2.282015757 34
2.283434101 34
2.284559561 34
2.286213641 34
2.287064585 34
2.287915532 34
2.289480994 34
2.290469001 34
2.292142715 34
2.293037818 34
2.294158653 34
2.294689525 34
2.297271159 34
2.298100461 34
2.298495104 34
2.299585506 34
2.301501534 34
2.303175068 34
2.303977160 34
2.305772398 34
2.306662255 34
2.307038408 34
2.308262424 34
2.309981401 35
2.311662470 35
2.312565543 35
2.314075944 35
2.315107978 35
2.315971602 35
2.317592762 35
2.318458982 35
2.319297285 35
2.321006377 35
2.321850893 35
2.323770429 35
2.324312935 35
2.326136175 35
2.326944757 35
2.328654112 35
2.329396311 35
2.331209364 35
2.332056156 35
2.332898420 35
2.334565264 35
2.334917404 35
2.336322466 35
2.337963734 35
2.338604243 35
2.339640137 35
2.341351914 35
2.343048321 35
2.343913994 35
2.345611112 35
2.346503215 35
2.347044945 35
2.348996397 35
2.349293767 35
2.350708006 35
2.352392826 36
2.354081092 36
2.354377033 36
2.354934170 36
2.357484317 36
2.358317992 36
2.359483292 36
2.360012162 36
2.362558745 36
2.363406615 36
2.364245469 36
2.365095143 36
2.366862459 36
2.368512926 36
2.369235811 36
2.371070519 36
2.371383530 36
2.371780916 36
2.373955196 36
2.374428255 36
2.377039071 36
2.377837464 36
2.379546598 36
2.380368070 36
2.381246476 36
2.382917400 36
2.383763927 36
2.385471114 36
2.386323764 36
2.387997949 36
2.388878339 36
2.389711522 36
2.391414813 36
2.392258302 36
2.393095954 36
2.394802630 36
2.395834153 37
2.396509515 37
2.398205406 37
2.399889707 37
2.400774216 37
2.402430569 37
2.403327317 37
2.404512091 37
2.404962725 37
2.406552799 37
2.408370983 37
2.409256690 37
2.410912069 37
2.411791471 37
2.413455581 37
2.414313060 37
2.414938149 37
2.416874608 37
2.417768212 37
2.419033233 37
2.419441500 37
2.421106352 37
2.422784490 37
2.423643919 37
2.425322593 37
2.426196484 37
2.427882655 37
2.428753433 37
2.430098676 37
2.430416012 37
2.432156391 37
2.433809403 37
2.434553715 37
2.436157512 37
2.437260502 37
2.438908438 37
2.439552647 37
2.440639980 38
2.442334092 38
2.443166028 38
2.444006786 38
2.444857711 38
2.446539788 38
2.448312487 38
2.449118246 38
2.450247787 38
2.450790043 38
2.453316818 38
2.454177131 38
2.455333504 38
2.455863630 38
2.457582081 38
2.459208049 38
2.460113829 38
2.461812317 38
2.462680240 38
2.464343012 38
2.464957655 38
2.466098053 38
2.467737458 38
2.468660680 38
2.469713960 38
2.470285541 38
2.472856071 38
2.473691177 38
2.474206060 38
2.475393581 38
2.477098476 38
2.478831680 38
2.479630925 38
2.480514295 38
2.482187185 38
2.483057599 38
2.483851752 38
2.485569030 38
2.486404917 39
2.488114467 39
2.489308902 39
2.489795244 39
2.491512045 39
2.492879695 39
2.493205393 39
2.494892802 39
2.496612195 39
2.497814695 39
2.498140163 39
2.499174373 39
2.500842993 39
2.501661838 39
2.504076619 39
2.505140488 39
2.506795601 39
2.507635624 39
2.508410971 39
2.510163763 39
2.511018896 39
2.512728315 39
2.513579352 39
2.515276886 39
2.516112362 39
2.516987246 39
2.517843575 39
2.519102874 39
2.520385933 39
2.522036534 39
2.522897209 39
2.524612004 39
2.525001069 39
2.526272650 39
2.527114063 39
2.529731925 39
2.530539990 39
2.531704789 39
2.532226581 39
2.533367105 40
2.534762104 40
2.536304150 40
2.538162252 40
2.539017903 40
2.540457656 40
2.540744273 40
2.542399800 40
2.544107810 40
2.544688337 40
2.546647157 40
2.547502223 40
2.548630619 40
2.549185831 40
2.550882913 40
2.552592048 40
2.553153354 40
2.555116861 40
2.556003348 40
2.557608400 40
2.558512326 40
2.559375710 40
2.561081694 40
2.561921268 40
2.563612230 40
2.564507492 40
2.564884019 40
2.566141277 40
2.567844020 40
2.569550193 40
2.570468044 40
2.572081613 40
2.572850635 40
2.574646493 40
2.575480200 40
2.576337241 40
2.578019733 40
2.578352800 40
2.579737213 40
2.581369529 40
2.582293057 41
2.583371168 41
2.583950476 41
2.586507209 41
2.587382299 41
2.589081636 41
2.589519780 41
2.589891160 41
2.592465482 41
2.592752249 41
2.594149920 41
2.595844634 41
2.597447832 41
2.598391655 41
2.600091541 41
2.601005688 41
2.601784247 41
2.602918073 41
2.603472178 41
2.605913339 41
2.606874194 41
2.607641882 41
2.609417763 41
2.610274340 41
2.611959343 41
2.612821382 41
2.614515242 41
2.615356867 41
2.616200566 41
2.617887219 41
2.618173566 41
2.619603563 41
2.621362371 41
2.622134755 41
2.622853279 41
2.623637664 41
2.626376808 41
2.627240364 41
2.628939480 41
2.629236213 41
2.630634103 41
2.631459951 42
2.633167698 42
2.634707720 42
2.635744679 42
2.637417024 42
2.638268579 42
2.639950878 42
2.640832124 42
2.641719919 42
2.643335641 42
2.643846116 42
2.645060674 42
2.646746125 42
2.648422865 42
2.649280385 42
2.650139409 42
2.651882644 42
2.652709743 42
2.654372239 42
2.655239555 42
2.656099800 42
2.659204461 42
2.661159033 42
2.661175563 42
2.661178819 42
2.662850540 42
2.663627587 42
2.664479828 42
2.666255762 42
2.667042689 42
2.668818663 42
2.669657275 42
2.671336653 42
2.671649454 42
2.673044788 42
2.674728223 42
2.675589213 42
2.676441896 42
2.678134497 42
2.679817103 42
2.680697874 42
2.681558164 42
2.683219766 43
2.684057563 43
2.685753694 43
2.686639942 43
2.688304789 43
2.688840289 43
2.690018590 43
2.690839367 43
2.692627523 43
2.694240582 43
2.694528963 43
2.695956886 43
2.697393044 43
2.697855560 43
2.700182335 43
2.701051202 43
2.702787948 43
2.703582186 43
2.704416472 43
2.706124989 43
2.706997565 43
2.708675030 43
2.709065785 43
2.710368712 43
2.712069273 43
2.713745618 43
2.714607414 43
2.715454604 43
2.717176225 43
2.718009373 43
2.719577859 43
2.720610774 43
2.722223602 43
2.723150436 43
2.724388084 43
2.724767853 43
2.726477208 43
2.728170659 43
2.728539925 43
2.729229446 43
2.731603546 43
2.733322558 43
2.734118799 43
2.734964830 44
2.736682252 44
2.737272943 44
2.738338479 44
2.740044172 44
2.740940875 44
2.742269179 44
2.742578047 44
2.744279820 44
2.745129351 44
2.747724035 44
2.748557824 44
2.749707633 44
2.750227212 44
2.751924072 44
2.753467794 44
2.754468922 44
2.756171792 44
2.757130253 44
2.758710248 44
2.759560785 44
2.760428581 44
2.761822832 44
2.762946111 44
2.764341912 44
2.764655114 44
2.766358786 44
2.768057563 44
2.768919001 44
2.770582647 44
2.771443527 44
2.773148988 44
2.774041506 44
2.775243836 44
2.775670832 44
2.777383835 44
2.778764555 44
2.779054736 44
2.781616874 44
2.782669465 44
2.783327076 44
2.785021031 44
2.785871786 44
2.787564407 44
2.788434070 45
2.790088474 45
2.790937161 45
2.792694927 45
2.793502006 45
2.794411266 45
2.796034950 45
2.796445598 45
2.797723341 45
2.799423111 45
2.800283119 45
2.801966847 45
2.802656099 45
2.804589467 45
2.805361560 45
2.806235449 45
2.807591010 45
2.807901653 45
2.810450673 45
2.811315629 45
2.813017333 45
2.813856137 45
2.815548602 45
2.816285181 45
2.817266758 45
2.818974915 45
2.819798948 45
2.821480511 45
2.822341465 45
2.824016038 45
2.824885826 45
2.826571593 45
2.827428570 45
2.828278245 45
2.829963035 45
2.830811156 45
2.832545383 45
2.832860718 45
2.833353770 45
2.835900689 45
2.836635226 45
2.837608728 45
2.839320486 45
2.841009195 45
2.841340317 45
2.841843235 46
2.844385794 46
2.845285522 46
2.846082311 46
2.847778782 46
2.849491887 46
2.850331107 46
2.851187360 46
2.852886398 46
2.853730275 46
2.854553164 46
2.855728790 46
2.857131773 46
2.858804074 46
2.859687101 46
2.861354641 46
2.862217436 46
2.863407522 46
2.863893368 46
2.866436922 46
2.867302545 46
2.868165589 46
2.869852947 46
2.870702086 46
2.871525123 46
2.872372756 46
2.874926001 46
2.875829626 46
2.876575838 46
2.878336001 46
2.879192686 46
2.880873435 46
2.881747473 46
2.883428207 46
2.884265750 46
2.885133079 46
2.886730897 46
2.887655166 46
2.889338684 46
2.890234908 46
2.891891664 46
2.892643951 46
2.893601349 46
2.894719428 46
2.895070442 46
2.897535743 46
2.898710230 47
2.899921579 47
2.900373376 47
2.902069251 47
2.903771955 47
2.904640308 47
2.905454704 47
2.907168998 47
2.907603557 47
2.908891944 47
2.910575562 47
2.911404452 47
2.912547389 47
2.913968872 47
2.915652284 47
2.917251036 47
2.918195425 47
2.919052475 47
2.920770410 47
2.921586293 47
2.923302247 47
2.924136938 47
2.925001907 47
2.926723644 47
2.927393072 47
2.928362656 47
2.930065817 47
2.931794236 47
2.932647608 47
2.934326077 47
2.935162820 47
2.935789825 47
2.937690891 47
2.938454895 47
2.940241758 47
2.941134313 47
2.942637696 47
2.943653385 47
2.944511689 47
2.946183651 47
2.947095139 47
2.948734093 47
2.949590157 47
2.950871305 47
2.951273649 47
2.952985406 47
2.954657937 47
2.955524860 48
2.957244126 48
2.958074835 48
2.958925242 48
2.960611414 48
2.961462260 48
2.962295371 48
2.964013480 48
2.965686269 48
2.966555651 48
2.967468054 48
2.969087139 48
2.970096307 48
2.970784260 48
2.972505353 48
2.974198218 48
2.975022292 48
2.975959078 48
2.976731941 48
2.978421113 48
2.979608662 48
2.980114997 48
2.982674587 48
2.983370186 48
2.984363046 48
2.986043790 48
2.986921840 48
2.988609874 48
2.989464091 48
2.991139797 48
2.991498250 48
2.993090124 48
2.995411561 48
2.995431457 48
2.997099084 48
2.997992010 48
2.999150935 48
2.999622362 48
3.001315022 48
3.003011897 48
3.003874797 48
3.005559305 48
3.006463345 48
3.007579236 48
3.007906007 48
3.010667896 48
3.011509558 48
3.012380016 48
3.014049696 49
3.014764338 49
3.016589104 49
3.017435424 49
3.019134912 49
3.019418249 49
3.019971242 49
3.022543952 49
3.023388752 49
3.025684036 49
3.026783062 49
3.027616004 49
3.028542046 49
3.029270828 49
3.031019018 49
3.031551147 49
3.032742915 49
3.034396616 49
3.034847159 49
3.036103778 49
3.037809910 49
3.039421442 49
3.040345537 49
3.042049707 49
3.042913682 49
3.043741857 49
3.044876134 49
3.045426316 49
3.047971584 49
3.048268995 49
3.049663617 49
3.050878246 49
3.051375675 49
3.053924264 49
3.054780493 49
3.056498384 49
3.057334142 49
3.059073671 49
3.059852755 49
3.060150082 49
3.062406030 49
3.062828566 49
3.064068968 49
3.065399351 49
3.066612701 49
3.067761982 49
3.068092443 49
3.070550927 49
3.070868521 49
3.072579123 50
3.074273972 50
3.075463269 50
3.075967186 50
3.077669737 50
3.079442097 50
3.079805831 50
3.080485405 50
3.082741816 50
3.083629902 50
3.085295146 50
3.086154049 50
3.087858791 50
3.088241973 50
3.089595529 50
3.091071995 50
3.092952000 50
3.093810154 50
3.094646514 50
3.096326307 50
3.097199635 50
3.098869218 50
3.099785571 50
3.101420815 50
3.102280333 50
3.103124690 50
3.104213828 50
3.104828391 50
3.107369108 50
3.108221164 50
3.109912970 50
3.110198229 50
3.111609622 50
3.113304211 50
3.114206987 50
3.115842433 50
3.116720505 50
3.118388326 50
3.119038851 50
3.119573436 50
3.120999211 50
3.122630156 50
3.123861334 50
3.124350618 50
3.126873832 50
3.127405498 50
3.127709846 50
3.130299524 50
3.131135030 50
3.132460736 50
3.132798120 51
3.135361041 51
3.135939392 51
3.136834222 51
3.138745302 51
3.139604041 51
3.141280382 51
3.142137043 51
3.143010930 51
3.144256281 51
3.144698829 51
3.147216634 51
3.148088121 51
3.149767679 51
3.150685967 51
3.152352008 51
3.152818862 51
3.153158437 51
3.154660364 51
3.155342003 51
3.157756693 51
3.158243997 51
3.160869186 51
3.161645150 51
3.162502129 51
3.163372828 51
3.165084265 51
3.165876737 51
3.167522902 51
3.169272597 51
3.170120923 51
3.170618996 51
3.171828424 51
3.173538691 51
3.175251411 51
3.176084986 51
3.177734536 51
3.178648253 51
3.179473313 51
3.181232697 51
3.182044572 51
3.183701537 51
3.184292862 51
3.186245152 51
3.188822298 51
3.188845938 51
3.189651813 51
3.189947676 51
3.191400911 51
3.193065738 51
3.194727681 51
3.195187368 52
3.195564781 52
3.198127034 52
3.198992004 52
3.200680321 52
3.201573712 52
3.205385267 52
3.206637325 52
3.206658136 52
3.208005738 52
3.209987556 52
3.210854062 52
3.212574577 52
3.213174567 52
3.214287039 52
3.215930832 52
3.216814260 52
3.218081293 52
3.218476290 52
3.221068508 52
3.221947693 52
3.222724439 52
3.223561079 52
3.225996566 52
3.227107785 52
3.227122274 52
3.228697558 52
3.230384987 52
3.232131994 52
3.232929935 52
3.233759837 52
3.235468286 52
3.236300579 52
3.238013020 52
3.238847448 52
3.239141343 52
3.241381881 52
3.242317545 52
3.243077660 52
3.244321695 52
3.245409752 52
3.246786260 52
3.247070617 52
3.249771348 52
3.250731761 52
3.252011829 52
3.252459983 52
3.254554923 52
3.254952671 52
3.256707182 52
3.258378190 52
3.259215727 52
3.260919682 53
3.261717027 53
3.263164359 53
3.263468518 53
3.265163830 53
3.266837876 53
3.267692622 53
3.269372726 53
3.270239201 53
3.271531686 53
3.271916664 53
3.273624429 53
3.275366052 53
3.276161790 53
3.277035065 53
3.278256582 53
3.279557920 53
3.281276896 53
3.282129261 53
3.283620363 53
3.284566278 53
3.286342315 53
3.287206746 53
3.288925550 53
3.289627400 53
3.290603883 53
3.291738069 53
3.292135194 53
3.294848797 53
3.295703877 53
3.297377049 53
3.298225979 53
3.298972131 53
3.300780253 53
3.301619525 53
3.303360008 53
3.303698379 53
3.305025203 53
3.306728007 53
3.307613089 53
3.309254984 53
3.310129742 53
3.311788299 53
3.312671023 53
3.314349476 53
3.315204536 53
3.315762390 53
3.317723574 53
3.318597744 53
3.319430569 53
3.321184187 53
3.322823539 53
3.323111926 53
3.323990264 54
3.325365185 54
3.327055793 54
3.328661761 54
3.329635164 54
3.331333489 54
3.331886631 54
3.332985924 54
3.333899567 54
3.335495067 54
3.336075234 54
3.337231622 54
3.339852469 54
3.340645096 54
3.341473835 54
3.343090756 54
3.344104873 54
3.345728139 54
3.346581276 54
3.348287640 54
3.349132085 54
3.349679719 54
3.351661647 54
3.352428063 54
3.354250901 54
3.355073629 54
3.356355361 54
3.356699068 54
3.358446166 54
3.360160682 54
3.361027642 54
3.362570874 54
3.363559498 54
3.364800427 54
3.365267842 54
3.366923591 54
3.367777412 54
3.369484191 54
3.370861114 54
3.371159226 54
3.373718180 54
3.374627236 54
3.375430205 54
3.377124481 54
3.377968668 54
3.378835494 54
3.380385151 54
3.382215600 54
3.382836908 54
3.383922234 54
3.385624789 54
3.386450882 54
3.388160848 54
3.389013137 54
3.390716447 55
3.391304198 55
3.392399037 55
3.394074968 55
3.394995718 55
3.396621523 55
3.397481788 55
3.399160181 55
3.399648659 55
3.400026128 55
3.402563342 55
3.403426988 55
3.405161567 55
3.405576330 55
3.406831997 55
3.408162998 55
3.408522184 55
3.411065738 55
3.411930666 55
3.412739674 55
3.414438475 55
3.416135113 55
3.416659048 55
3.416970204 55
3.419524954 55
3.420173266 55
3.422075060 55
3.422793759 55
3.423745796 55
3.424066509 55
3.425499062 55
3.427586245 55
3.428009667 55
3.430131532 55
3.430541808 55
3.432624173 55
3.433093823 55
3.434806328 55
3.436069685 55
3.436498756 55
3.439048760 55
3.439902059 55
3.440737405 55
3.441626712 55
3.443282942 55
3.444988710 55
3.445894046 55
3.447516563 55
3.447847299 55
3.449239832 55
3.450404022 55
3.450906541 55
3.452999267 55
3.453455954 55
3.456069339 55
3.456886185 56
3.457684797 56
3.459397116 56
3.460242049 56
3.461963140 56
3.462802133 56
3.463622569 56
3.464503413 56
3.466244220 56
3.467022510 56
3.468749733 56
3.470422975 56
3.471298734 56
3.472852167 56
3.473831041 56
3.474649667 56
3.475507265 56
3.477233138 56
3.478050386 56
3.479771336 56
3.481477914 56
3.482158278 56
3.483147083 56
3.484683807 56
3.485705815 56
3.487384261 56
3.487662439 56
3.489111909 56
3.490535827 56
3.491624017 56
3.493331067 56
3.494216989 56
3.495872638 56
3.496873366 56
3.497502598 56
3.497832836 56
3.500117759 56
3.501796329 56
3.502696035 56
3.503951708 56
3.504343756 56
3.506977680 56
3.507335174 56
3.507740324 56
3.509441569 56
3.511155215 56
3.512183965 56
3.512485177 56
3.514534091 56
3.515393220 56
3.517129015 56
3.518770631 56
3.519095048 56
3.520513362 56
3.522165070 56
3.523546567 56
3.523868136 57
3.525557706 57
3.527366990 57
3.528115497 57
3.528979953 57
3.530654302 57
3.532363030 57
3.533241292 57
3.534041897 57
3.535213992 57
3.535732781 57
3.537484906 57
3.539139499 57
3.540859074 57
3.541689579 57
3.542522475 57
3.544225772 57
3.544523716 57
3.545930854 57
3.547674177 57
3.549330809 57
3.550167139 57
3.551011386 57
3.552726519 57
3.553583860 57
3.554401803 57
3.556124963 57
3.557383715 57
3.557858657 57
3.559008250 57
3.560362823 57
3.562046138 57
3.563625128 57
3.564617230 57
3.565411578 57
3.566277975 57
3.568036112 57
3.568819246 57
3.570537527 57
3.572213675 57
3.572944759 57
3.574763004 57
3.575609815 57
3.576005324 57
3.577310906 57
3.578997672 57
3.579857329 57
3.581297285 57
3.582398890 57
3.583651390 57
3.584145217 57
3.586635065 57
3.587501005 57
3.589247105 57
3.590026821 57
3.590877902 57
3.592600151 57
3.592919117 58
3.594290588 58
3.595961585 58
3.597241089 58
3.597664356 58
3.600269933 58
3.600576373 58
3.600878396 58
3.602754033 58
3.604465239 58
3.605292057 58
3.606629649 58
3.607835938 58
3.609230904 58
3.609542392 58
3.612077127 58
3.612954646 58
3.613773589 58
3.615475756 58
3.615840557 58
3.618011964 58
3.618935730 58
3.620591258 58
3.621438921 58
3.622260700 58
3.623945195 58
3.624804841 58
3.626491051 58
3.627405062 58
3.628934820 58
3.629920033 58
3.630732038 58
3.631626033 58
3.633289250 58
3.634137582 58
3.635844618 58
3.637545110 58
3.637966187 58
3.639265819 58
3.640765590 58
3.642499426 58
3.643517112 58
3.644332775 58
3.646027214 58
3.646534468 58
3.647501016 58
3.649467192 58
3.650270031 58
3.651956821 58
3.652408171 58
3.653666411 58
3.654910942 58
3.656223985 58
3.657551880 58
3.657906649 58
3.660491257 58
3.661309422 58
3.663024999 58
3.663845078 59
3.666063822 59
3.668931287 59
3.670626938 59
3.674007638 59
3.676584748 59
3.678267357 59
3.680809061 59
3.683334854 59
3.685883364 59
3.688427057 59
3.690966527 59
3.692690135 59
3.695227849 59
3.697235104 59
3.700366024 59
3.702902023 59
3.705390148 59
3.707125282 59
3.709640356 59
3.711321530 59
3.714733321 59
3.717313460 59
3.718962807 59
3.724050712 59
3.724067160 59
3.727454935 59
3.729178386 59
3.731740251 59
3.733662774 59
3.736804718 60
3.739332392 60
3.741873817 60
3.743556266 60
3.746119359 60
3.748760859 60
3.751244302 60
3.753641638 60
3.756309259 60
3.758715771 60
3.760541854 60
3.763069710 60
3.765636284 60
3.768184602 60
3.769869866 60
3.772908402 60
3.775234873 60
3.778175260 60
3.780050628 60
3.782074321 60
3.785166616 60
3.786832393 60
3.789393933 60
3.792550708 60
3.795316271 60
3.796888440 60
3.798883303 60
3.801245551 60
3.804667184 60
3.806371641 60
3.809354494 61
3.812336914 61
3.813428815 61
3.815659181 61
3.819112351 61
3.821612799 61
3.824146711 61
3.827137967 61
3.828402076 61
3.830944719 61
3.834339445 61
3.836040581 61
3.838594445 61
3.841135798 61
3.843692951 61
3.846209835 61
3.847923588 61
3.850457488 61
3.852142135 61
3.855388356 61
3.858090394 61
3.859784804 61
3.863251002 61
3.863920247 61
3.866968257 61
3.869991279 61
3.872516634 61
3.875050200 61
3.876777045 61
3.879521525 61
3.880637890 61
3.883573357 62
3.886070649 62
3.888636107 62
3.892016491 62
3.894581186 62
3.896605426 62
3.898407427 62
3.901362535 62
3.903970039 62
3.906472026 62
3.908133854 62
3.911177339 62
3.914127831 62
3.915773308 62
3.918337167 62
3.919997435 62
3.923413893 62
3.925940061 62
3.927658886 62
3.930185551 62
3.932741311 62
3.935201555 62
3.937816196 62
3.940222959 62
3.942918078 62
3.944189957 62
3.947159419 62
3.948871690 62
3.951912569 62
3.954853590 62
3.956852142 62
3.959886931 63
3.961077670 63
3.965012262 63
3.966693590 63
3.969202172 63
3.971787981 63
3.974299442 63
3.976003598 63
3.979230926 63
3.981962516 63
3.983236032 63
3.986202652 63
3.988274691 63
3.991255879 63
3.993144505 63
3.996371163 63
3.998066257 63
4.000628357 63
4.002302561 63
4.005721554 63
4.007898402 63
4.009915981 63
4.012829874 63
4.015013601 63
4.017563454 63
4.020117470 63
4.022526143 63
4.025539382 63
4.027735082 63
4.030277223 63
4.032014676 63
4.034528045 64
4.036877396 64
4.038793528 64
4.039632533 64
4.040504254 63
4.041671209 63
4.042163205 62
4.044732335 62
4.045549402 61
4.046742340 61
4.047262836 60
4.048961721 60
4.050388703 59
4.051303924 59
4.053221275 58
4.054041441 58
4.055415433 57
4.055725546 57
4.058595990 56
4.061672355 55
4.064208524 54
4.065580407 53
4.068492436 52
4.070490648 51
4.073582086 50
4.075136948 49
4.077825034 48
4.079474688 47
4.082048602 46
4.085444638 45
4.087998992 44
4.090513922 43
4.092210074 42
4.094754100 41
4.098169755 40
4.099850360 39
4.102399636 38
4.104964688 37
4.107440295 36
4.110035879 35
4.112477230 34
4.114895761 32
4.115225631 32
4.115868976 32
4.118522998 31
4.119362964 31
4.120217239 30
4.121428768 30
4.122514761 29
4.123889247 29
4.124493138 28
4.126500553 28
4.126981576 27
4.129543692 27
4.130396238 26
4.131262827 26
4.132956462 25
4.133796143 25
4.136339302 24
4.138086026 23
4.141415865 22
4.143115217 21
4.145690506 20
4.148259192 19
4.150752003 18
4.152880025 16
4.155858867 16
4.158420306 16
4.160979202 17
4.162617337 17
4.166017956 17
4.167725552 17
4.170259474 17
4.172828995 17
4.175370465 17
4.177047155 17
4.179621807 18
4.182885096 18
4.184710435 18
4.187229024 18
4.188959791 18
4.192312437 18
4.194855587 18
4.197401116 18
4.199975596 18
4.201635486 19
4.203530035 19
4.205818768 19
4.208538188 19
4.210506352 19
4.213004495 19
4.215504648 19
4.218004577 19
4.220530224 19
4.222997015 19
4.227820054 20
4.227834083 20
4.229975797 20
4.232477515 20
4.234975226 20
4.236978802 20
4.239953896 20
4.241946712 20
4.244246380 20
4.246945574 20
4.249443031 21
4.251928715 21
4.254429706 21
4.256968615 21
4.258914258 21
4.261407458 21
4.263914185 21
4.266396427 21
4.268927732 21
4.271399047 21
4.273907065 22
4.276387786 22
4.278392660 22
4.280891804 22
4.283367807 22
4.285865186 22
4.288359566 22
4.290805703 22
4.293414074 22
4.294917672 22
4.297700840 22
4.300332691 23
4.302635229 23
4.305328617 23
4.307336440 23
4.310317089 23
4.312230371 23
4.314802695 23
4.317302027 23
4.319793208 23
4.322308145 23
4.324852128 23
4.327291536 23
4.329271251 24
4.331781149 24
4.334260293 24
4.336775006 24
4.339251485 24
4.341741054 24
4.344068388 24
4.346238151 24
4.348654780 24
4.351253319 24
4.353730575 24
4.356235124 24
4.358727802 25
4.360728291 25
4.363211242 25
4.365698080 25
4.368200613 25
4.370690458 25
4.372706392 25
4.375683184 25
4.377677215 25
4.380176409 25
4.382667160 25
4.385164122 25
4.387657739 26
4.390147648 26
4.392677739 26
4.394518548 26
4.397134822 26
4.399629795 26
4.402125575 26
4.404644289 26
4.407132062 26
4.409616622 26
4.411512492 26
4.414095537 26
4.416609892 26
4.419091453 27
4.421080750 27
4.424080659 27
4.426580261 27
4.428640202 27
4.431090004 27
4.433562789 27
4.436054955 27
4.438560180 27
4.441048438 27
4.443545377 27
4.445534761 27
4.448031760 27
4.450523094 27
4.453020603 28
4.455326410 28
4.458015643 28
4.460538432 28
4.462501834 28
4.464997443 28
4.467492492 28
4.469991441 28
4.472510839 28
4.474980774 28
4.476975670 28
4.479471938 28
4.482040267 28
4.484477732 28
4.486453963 29
4.489449168 29
4.491956787 29
4.493940449 29
4.496454189 29
4.498936900 29
4.501429464 29
4.503928588 29
4.506448638 29
4.508930431 29
4.510915199 29
4.513407889 29
4.515892655 29
4.518394318 29
4.520907142 30
4.523385495 30
4.525882787 30
4.527872145 30
4.530373203 30
4.532879538 30
4.535358884 30
4.537853780 30
4.540346784 30
4.542870636 30
4.544872511 30
4.547348911 30
4.549821827 30
4.552088134 30
4.554820521 30
4.557311924 31
4.559814668 31
4.561802070 31
4.564294749 31
4.566790258 31
4.569164632 31
4.572089440 31
4.574276750 31
4.576825418 31
4.578550699 31
4.581286569 31
4.583759467 31
4.586259280 31
4.588781043 31
4.591249231 31
4.593753790 31
4.595733627 32
4.598244546 32
4.600754039 32
4.603219080 32
4.605718504 32
4.608218296 32
4.610710413 32
4.612707804 32
4.615189953 32
4.617710511 32
4.620206451 32
4.622699542 32
4.625673057 32
4.627172006 32
4.629663929 32
4.632203372 32
4.634663402 33
4.637151408 33
4.639654149 33
4.642169567 33
4.644136866 33
4.646632466 33
4.649126200 33
4.651643190 33
4.654124258 33
4.656476223 33
4.659118087 33
4.661097525 33
4.663598139 33
4.666086016 33
4.668606201 33
4.670899064 33
4.673531491 34
4.675884014 34
4.678120826 34
4.680367890 34
4.683055716 34
4.685564596 34
4.688059505 34
4.690564565 34
4.693069336 34
4.695042569 34
4.697529270 34
4.700028434 34
4.702522435 34
4.705015767 34
4.707504836 34
4.710014102 34
4.712007371 34
4.714505010 35
4.716987978 35
4.719491312 35
4.721793694 35
4.724504519 35
4.726977939 35
4.728963822 35
4.731478839 35
4.733955830 35
4.736469618 35
4.738947811 35
4.741848042 35
4.743431032 35
4.745929994 35
4.748418268 35
4.750771283 35
4.753199333 35
4.755919717 35
4.758407603 36
4.760420925 36
4.762904826 36
4.765388707 36
4.767889980 36
4.770236299 36
4.772901016 36
4.775873817 36
4.777365579 36
4.779867446 36
4.783853190 36
4.784919377 36
4.787351123 36
4.789684076 36
4.792339317 36
4.794333458 36
4.796847815 36
4.799325535 36
4.801817468 37
4.804316443 37
4.806812104 37
4.809309988 37
4.811297909 37
4.813835165 37
4.816297034 37
4.818798626 37
4.821284851 37
4.823781303 37
4.826274361 37
4.828267124 37
4.830759413 37
4.833260365 37
4.835692314 37
4.838301270 37
4.840507387 37
4.843246796 37
4.845108193 38
4.847724043 38
4.850216587 38
4.852733169 38
4.855237148 38
4.857707779 38
4.860224203 38
4.862198352 38
4.864604733 38
4.867211927 38
4.869679136 38
4.872183934 38
4.874669632 38
4.877037282 38
4.879160056 38
4.881674182 38
4.884146942 38
4.886613114 38
4.889141672 38
4.891642139 39
4.893633257 39
4.896089987 39
4.898616934 39
4.901119166 39
4.903622730 39
4.906133487 39
4.908629619 39
4.910592010 39
4.913089077 39
4.915506841 39
4.918086898 39
4.920619560 39
4.923078328 39
4.925576956 39
4.927874666 39
4.930056978 39
4.932574678 39
4.935052110 39
4.937568942 39
4.939277002 40
4.942549255 40
4.944546895 40
4.947016090 40
4.949515666 40
4.952115018 40
4.954511206 40
4.957027952 40
4.959531176 40
4.961498102 40
4.963990067 40
4.966492178 40
4.968554265 40
4.971482266 40
4.973989733 40
4.976496636 40
4.978455961 40
4.980954866 40
4.983445730 40
4.985954421 40
4.988523312 41
4.990967791 41
4.993443805 41
4.995436286 41
4.997920299 41
5.000469656 41
5.002912344 41
5.005406131 41
5.007421491 41
5.009899160 41
5.012387642 41
5.014881960 41
5.017380947 41
5.019881879 41
5.022248410 41
5.025507918 41
5.026858256 41
5.029371420 41
5.031339370 41
5.034295694 41
5.036865727 42
5.039345137 42
5.041877631 42
5.043827312 42
5.046320903 42
5.048605706 42
5.051315778 42
5.053821678 42
5.056336279 42
5.058805246 42
5.060807894 42
5.063321582 42
5.065786704 42
5.068305935 42
5.070779088 42
5.073270311 42
5.075762163 42
5.077764964 42
5.080255740 42
5.082739482 42
5.085163384 42
5.087739262 43
5.090231811 43
5.092228249 43
5.094746465 43
5.097227343 43
5.099716552 43
5.102214721 43
5.104562632 43
5.107221934 43
5.109714244 43
5.111690884 43
5.114212043 43
5.116686511 43
5.119181701 43
5.121699539 43
5.124169749 43
5.126456801 43
5.128683580 43
5.130935524 43
5.133640642 43
5.136150950 43
5.138641700 43
5.141145814 44
5.143133505 44
5.145454711 44
5.148122198 44
5.150610463 44
5.153110778 44
5.155611402 44
5.158131786 44
5.160094963 44
5.162586785 44
5.165094403 44
5.167581702 44
5.170087691 44
5.172600833 44
5.175065678 44
5.177128705 44
5.179559924 44
5.182087438 44
5.184567017 44
5.187040463 44
5.189533109 44
5.192032284 44
5.194028385 45
5.196544556 45
5.199043045 45
5.201511175 45
5.204052774 45
5.206572920 45
5.209061333 45
5.211038509 45
5.213477319 45
5.216027029 45
5.218531689 45
5.221022024 45
5.223518397 45
5.226017574 45
5.228006028 45
5.230524460 45
5.233013160 45
5.235504791 45
5.237608563 45
5.240436562 45
5.242485434 45
5.244984943 45
5.247465667 46
5.249963732 46
5.252481503 46
5.254947073 46
5.257453564 46
5.259437930 46
5.261958609 46
5.264434700 46
5.266930381 46
5.269421958 46
5.271919886 46
5.274373105 46
5.276420955 46
5.278902081 46
5.281457591 46
5.283819081 46
5.286383744 46
5.288925533 46
5.291391098 46
5.293396050 46
5.295869551 46
5.298361143 46
5.300881349 46
5.303348994 47
5.305445085 47
5.308347265 47
5.310300974 47
5.312864141 47
5.315330318 47
5.317827133 47
5.320244968 47
5.322315223 47
5.325318116 47
5.326999145 47
5.329809121 47
5.332306183 47
5.335794463 47
5.337290934 47
5.339777357 47
5.341775680 47
5.344269274 47
5.346773416 47
5.349275786 47
5.351779675 47
5.354263665 47
5.356769347 47
5.358741003 47
5.361233894 48
5.363728563 48
5.366223430 48
5.368750989 48
5.371222395 48
5.373713815 48
5.375697809 48
5.378208650 48
5.380715570 48
5.383219038 48
5.385691549 48
5.388182391 48
5.390695334 48
5.392706577 48
5.395159415 48
5.397659625 48
5.400154306 48
5.402655098 48
5.405149388 48
5.407430348 48
5.409632782 48
5.412089861 48
5.414622078 48
5.416759721 48
5.419626103 49
5.422111962 49
5.425119866 49
5.426601879 49
5.429093966 49
5.431605419 49
5.434084372 49
5.436612929 49
5.439085765 49
5.441592411 49
5.443565023 49
5.445936792 49
5.448575517 49
5.451053618 49
5.453553619 49
5.456033837 49
5.458324831 49
5.460546806 49
5.463052611 49
5.465525671 49
5.468020260 49
5.470517614 49
5.473018907 49
5.474999577 49
5.477501810 50
5.480004232 50
5.482515808 50
5.484986878 50
5.487486640 50
5.490035644 50
5.492507952 50
5.494048103 50
5.496961422 50
5.499463404 50
5.501737058 50
5.504481518 50
5.506965912 50
5.508936514 50
5.511428472 50
5.513924952 50
5.516436252 50
5.518917905 50
5.521464520 50
5.523913140 50
5.525904872 50
5.528283025 50
5.530890779 50
5.533400845 50
5.535886503 50
5.538386728 51
5.540888119 51
5.542869425 51
5.545368481 51
5.547859731 51
5.550365320 51
5.552920840 51
5.555345483 51
5.557691262 51
5.559833557 51
5.562332769 51
5.564839041 51
5.567318733 51
5.569822651 51
5.572317957 51
5.574819987 51
5.576815282 51
5.579298179 51
5.581791061 51
5.584282093 51
5.586785378 51
5.589275585 51
5.591794228 51
5.593764766 51
5.596257608 51
5.598666307 51
5.601261175 52
5.603775583 52
5.606078853 52
5.608091231 52
5.610728452 52
5.613245408 52
5.615706545 52
5.618221055 52
5.620760223 52
5.623216722 52
5.625711313 52
5.627691391 52
5.630192758 52
5.632479831 52
5.635245225 52
5.637464589 52
5.640204284 52
5.642178955 52
5.644680881 52
5.647152872 52
5.649661114 52
5.652156336 52
5.654431828 52
5.657152089 52
5.659132249 52
5.661625503 52
5.664122452 53
5.666677084 53
5.669132481 53
5.671620896 53
5.674108157 53
5.676097140 53
5.678602334 53
5.681111367 53
5.683592064 53
5.686083244 53
5.688596881 53
5.691080683 53
5.693062829 53
5.695570659 53
5.698059326 53
5.700575406 53
5.703079727 53
5.705543244 53
5.708090906 53
5.710028641 53
5.712535415 53
5.715028684 53
5.717521278 53
5.720027206 53
5.722514063 53
5.725011145 53
5.726991909 54
5.729485966 54
5.731850258 54
5.734507066 54
5.736503736 54
5.739527708 54
5.741304821 54
5.743963129 54
5.746469882 54
5.748957570 54
5.751464255 54
5.753948810 54
5.756270524 54
5.758395521 54
5.760928008 54
5.763423783 54
5.765946504 54
5.768317320 54
5.770964759 54
5.773408684 54
5.775396033 54
5.777891133 54
5.780385389 54
5.782881423 54
5.785381084 54
5.787876298 54
5.790175343 54
5.792355129 55
5.794638256 55
5.797365835 55
5.799860231 55
5.801854388 55
5.804852525 55
5.807359337 55
5.809331009 55
5.811824410 55
5.814343989 55
5.816837602 55
5.819317832 55
5.821804474 55
5.824308590 55
5.826290285 55
5.828795736 55
5.831336132 55
5.833842859 55
5.836279445 55
5.838291290 55
5.841279900 55
5.843196186 55
5.845760791 55
5.848261725 55
5.850750795 55
5.853247051 55
5.855745913 55
5.858242248 55
5.860157903 56
5.862721714 56
5.865278690 56
5.867709688 56
5.870214988 56
5.872720210 56
5.875206900 56
5.877190334 56
5.879688415 56
5.882203435 56
5.884707085 56
5.887180618 56
5.892168101 56
5.892182314 56
5.894154988 56
5.896715410 56
5.898948838 56
5.901644599 56
5.904137654 56
5.906648754 56
5.908665417 56
5.911124109 56
5.913618766 56
5.916120234 56
5.918622178 56
5.921112183 56
5.923612711 56
5.925594121 56
5.928159067 57
5.930438578 57
5.933090404 57
5.935590300 57
5.938078398 57
5.940607611 57
5.942581352 57
5.945054969 57
5.947560942 57
5.950051043 57
5.952569907 57
5.954629638 57
5.957535827 57
5.959590787 57
5.961842441 57
5.964539832 57
5.967014462 57
5.969504891 57
5.971896703 57
5.974502398 57
5.976514571 57
5.979008538 57
5.981502432 57
5.983985957 57
5.986320256 57
5.988976586 57
5.991470273 57
5.993236403 57
5.995953642 58
5.998452329 58
6.001003793 58
6.003441638 58
6.005943657 58
6.007795136 58
6.010436510 58
6.012944046 58
6.015421335 58
6.017917703 58
6.020415056 58
6.022903900 58
6.025405096 58
6.027387139 58
6.029884985 58
6.032388719 58
6.034878157 58
6.036905231 58
6.039869568 58
6.041887710 58
6.044356787 58
6.046859554 58
6.049352223 58
6.051849886 58
6.054342339 58
6.056859616 58
6.058818396 58
6.061320457 58
6.063811921 58
6.066321233 59
6.068829352 59
6.071316036 59
6.073863774 59
6.075790181 59
6.078285523 59
6.080804908 59
6.083278953 59
6.085777963 59
6.088270076 59
6.090768705 59
6.092777114 59
6.095258023 59
6.097747961 59
6.100251746 59
6.102749297 59
6.105301444 59
6.107507563 59
6.109718525 59
6.112220131 59
6.114711683 59
6.117212315 59
6.119553342 59
6.122214060 59
6.124720615 59
6.126687029 59
6.129184599 59
6.131700459 59
6.134177956 59
6.136744657 59
6.139167798 60
6.141154892 60
6.143215144 60
6.146152967 60
6.148660010 60
6.151136766 60
6.153639768 60
6.156153554 60
6.158124683 60
6.160665996 60
6.163114650 60
6.165608706 60
6.168034603 60
6.170613423 60
6.173116816 60
6.175096526 60
6.177581876 60
6.180086928 60
6.182580878 60
6.185085265 60
6.187570382 60
6.189552475 60
6.192119332 60
6.194554868 60
6.197042809 60
6.199542131 60
6.202033919 60
6.204554108 60
6.207047062 60
6.209024873 60
6.211513680 61
6.214012223 61
6.216535383 61
6.219006624 61
6.221463315 61
6.223996357 61
6.225990676 61
6.228563404 61
6.230812098 61
6.233488997 61
6.235971769 61
6.238476673 61
6.241027131 61
6.242801657 61
6.245454270 61
6.248022646 61
6.250443109 61
6.252940832 61
6.255421401 61
6.257937500 61
6.259930041 61
6.262415244 61
6.264957516 61
6.267410657 61
6.269903482 61
6.272358819 61
6.274897651 61
6.276914645 61
6.279377005 61
6.281883009 61
6.284376423 62
6.286865582 62
6.289365745 62
6.291871351 62
6.293856676 62
6.296365561 62
6.298847942 62
6.301342278 62
6.303833868 62
6.306354766 62
6.308325284 62
6.310823098 62
6.313192687 62
6.315811840 62
6.318303530 62
6.320827355 62
6.323306822 62
6.325287205 62
6.327803139 62
6.330286489 62
6.332788379 62
6.335268604 62
6.337764156 62
6.340265340 62
6.342251832 62
6.344772800 62
6.347241304 62
6.349736552 62
6.352200523 62
6.355227420 62
6.356747679 62
6.359227351 63
6.361712531 63
6.364208866 63
6.366403945 63
6.369223186 63
6.370191958 62
6.371700928 62
6.372706037 61
6.374201405 61
6.374947746 60
6.376192394 60
6.377690143 59
6.378677524 59
6.380175934 58
6.381193113 58
6.382680512 57
6.383671554 57
6.385663098 56
6.386174758 56
6.387161702 55
6.389676623 55
6.391653029 54
6.394655211 53
6.397147575 52
6.399742983 51
6.401639026 50
6.404130196 49
6.406635847 48
6.409122224 47
6.411615826 46
6.414121603 45
6.416709867 44
6.418599936 43
6.421091841 42
6.423615849 41
6.426084689 40
6.428608469 39
6.431114650 38
6.433084030 37
6.435560632 36
6.438076057 35
6.440582054 34
6.443060672 33
6.444042815 31
6.445554620 31
6.446540609 30
6.448095601 30
6.449033494 29
6.450028020 29
6.451303862 28
6.452541189 28
6.454032635 27
6.455021790 27
6.456335278 26
6.457528956 26
6.458570939 25
6.460016345 25
6.461015334 24
6.462530748 24
6.464588124 23
6.467001972 22
6.469505265 21
6.471989927 20
6.474490902 19
6.477980509 18
6.479524639 17
6.481997985 15
6.483976313 15
6.486466275 16
6.490450690 16
6.491947589 16
6.493949654 16
6.496469116 16
6.498952786 16
6.500932042 16
6.503425885 16
6.505924210 17
6.508417066 17
6.510913407 17
6.512867746 17
6.515405804 17
6.517897389 17
6.520391773 17
6.522885530 17
6.525391187 18
6.527886546 18
6.530387659 18
6.532946811 18
6.534887496 18
6.537257207 18
6.539855361 18
6.542356834 18
6.544861919 18
6.547422197 19
6.549349665 19
6.551834419 19
6.554331044 19
6.556838989 19
6.559244323 19
6.561812058 19
6.564359624 19
6.566812383 19
6.568815110 19
6.571300153 20
6.573608325 20
6.576284725 20
6.578777561 20
6.580793106 20
6.583268581 20
6.585764050 20
6.588256636 20
6.590761063 20
6.593251005 20
6.595801389 21
6.598248568 21
6.600238452 21
6.602726913 21
6.605229549 21
6.607726525 21
6.610266628 21
6.612550769 21
6.615223387 21
6.617197442 21
6.619560033 22
6.622189041 22
6.625079952 22
6.627232634 22
6.629680910 22
6.632191928 22
6.634192061 22
6.636680434 22
6.639211630 22
6.641666931 22
6.644167847 22
6.646134399 23
6.649132530 23
6.651125762 23
6.653621092 23
6.656136866 23
6.658669221 23
6.661116250 23
6.663602842 23
6.665608653 23
6.668095112 23
6.670602667 23
6.673082368 23
6.675584471 24
6.677908362 24
6.680401118 24
6.682563702 24
6.685059092 24
6.687462689 24
6.690081066 24
6.692589108 24
6.695046333 24
6.697540473 24
6.699845731 24
6.702037036 24
6.704542594 25
6.707035460 25
6.709513645 25
6.712041000 25
6.714505510 25
6.716515528 25
6.718987388 25
6.721496133 25
6.723985082 25
6.726482125 25
6.728985302 25
6.731503664 25
6.733477970 26
6.735963714 26
6.738451377 26
6.740979481 26
6.743381920 26
6.745941893 26
6.748480630 26
6.750428751 26
6.752920785 26
6.755419651 26
6.757926414 26
6.760408484 26
6.762903242 26
6.765397392 27
6.767402579 27
6.769887411 27
6.772449453 27
6.774884347 27
6.777374873 27
6.779873683 27
6.782377257 27
6.784359040 27
6.786855098 27
6.789348138 27
6.791859138 27
6.794342406 27
6.796849713 27
6.799384029 28
6.801335044 28
6.803854794 28
6.806354037 28
6.808830638 28
6.811328788 28
6.813803469 28
6.815827635 28
6.818298306 28
6.820816353 28
6.823289292 28
6.826291120 28
6.828271259 28
6.830766101 28
6.833100761 29
6.835286439 29
6.837756769 29
6.840250915 29
6.842752006 29
6.845247672 29
6.847655094 29
6.849729067 29
6.852226002 29
6.854716044 29
6.857239836 29
6.859710040 29
6.862115228 29
6.864641326 29
6.866688936 30
6.869182541 30
6.871448697 30
6.874184790 30
6.876727193 30
6.879186425 30
6.881724267 30
6.883653973 30
6.886184638 30
6.888681828 30
6.891134612 30
6.893636414 30
6.896150838 30
6.898632681 30
6.900655495 30
6.903119972 31
6.905624597 31
6.908159547 31
6.910151240 31
6.913102155 31
6.915600254 31
6.917507579 31
6.920089500 31
6.922605028 31
6.925073689 31
6.927638743 31
6.929574791 31
6.932579377 31
6.934556506 31
6.936611574 31
6.939543846 31
6.942057889 32
6.944557472 32
6.947026568 32
6.949539070 32
6.951523664 32
6.954011072 32
6.956544534 32
6.959053974 32
6.961004968 32
6.963994845 32
6.966492884 32
6.968507401 32
6.970990851 32
6.973471879 32
6.975977958 32
6.978486270 32
6.980987826 33
6.982954020 33
6.985279849 33
6.987949384 33
6.990483718 33
6.992942591 33
6.995442634 33
6.997944527 33
6.999925112 33
7.002423421 33
7.004936690 33
7.007414512 33
7.009906265 33
7.012416876 33
7.014910134 33
7.016559820 33
7.019386466 34
7.021924558 34
7.024143759 34
7.027833702 34
7.029364445 34
7.031391251 34
7.033850893 34
7.036375842 34
7.038341962 34
7.041350196 34
7.043864143 34
7.046369855 34
7.048880284 34
7.050785672 34
7.053360833 34
7.055813726 34
7.058302346 34
7.060572239 35
7.063300799 35
7.065800674 35
7.067781900 35
7.070277235 35
7.072798249 35
7.075284163 35
7.077762355 35
7.080270504 35
7.082273573 35
7.084812275 35
7.087248917 35
7.089739005 35
7.092233598 35
7.094531355 35
7.097230154 35
7.099725627 35
7.101719365 35
7.104208120 36
7.106728237 36
7.109113310 36
7.111702403 36
7.114203414 36
7.116188888 36
7.118682985 36
7.121180741 36
7.123677375 36
7.126174882 36
7.128696376 36
7.131174328 36
7.133156699 36
7.135659464 36
7.138166224 36
7.140663748 36
7.142983537 36
7.145636434 36
7.148129994 37
7.150119752 37
7.152636238 37
7.155098291 37
7.157605643 37
7.160115108 37
7.162101129 37
7.165101663 37
7.167088298 37
7.169577820 37
7.172086995 37
7.174580106 37
7.177064840 37
7.179599793 37
7.182091478 37
7.184056837 37
7.186548521 37
7.189043573 37
7.191544010 38
7.194027225 38
7.196401599 38
7.199088667 38
7.201024047 38
7.203563876 38
7.206076530 38
7.208486816 38
7.211066119 38
7.213540974 38
7.215537209 38
7.218032248 38
7.220616310 38
7.223030895 38
7.225518519 38
7.228027751 38
7.230512637 38
7.232522063 38
7.234995967 38
7.237526013 39
7.240100164 39
7.242011615 39
7.244982578 39
7.247482587 39
7.249469985 39
7.251989226 39
7.254454338 39
7.256980269 39
7.259451636 39
7.261950289 39
7.263855116 39
7.266447892 39
7.268955059 39
7.271519535 39
7.273921622 39
7.276408571 39
7.278912946 39
7.281446323 39
7.283407328 39
7.285895988 40
7.288398199 40
7.290896758 40
7.293041828 40
7.295897327 40
7.297869821 40
7.300302468 40
7.302920274 40
7.305354794 40
7.307852321 40
7.310348684 40
7.312862094 40
7.314839971 40
7.317352015 40
7.319829780 40
7.322278331 40
7.324854527 40
7.327320793 40
7.329637832 40
7.331807700 40
7.334194056 41
7.336808944 41
7.339295640 41
7.341789029 41
7.344346195 41
7.346774425 41
7.348794321 41
7.351262074 41
7.353767028 41
7.356297250 41
7.358749104 41
7.361242479 41
7.363748702 41
7.365728457 41
7.368224816 41
7.370720006 41
7.373218114 41
7.375560746 41
7.378206608 41
7.380753124 41
7.382695591 42
7.385188185 42
7.387696371 42
7.390196479 42
7.392709602 42
7.395182502 42
7.397699027 42
7.399661524 42
7.402165334 42
7.404684276 42
7.407175558 42
7.409653165 42
7.412145001 42
7.414645561 42
7.416678026 42
7.419126533 42
7.421632149 42
7.424118183 42
7.426617727 42
7.429117791 42
7.431114815 42
7.433599481 43
7.436093336 43
7.438581989 43
7.441082308 43
7.443584629 43
7.446076088 43
7.448071156 43
7.450567788 43
7.453069940 43
7.455560360 43
7.458117091 43
7.460561626 43
7.463052487 43
7.465032659 43
7.467523514 43
7.470019044 43
7.472547624 43
7.475017600 43
7.477510038 43
7.479738092 43
7.482020989 43
7.484540889 43
7.487500016 44
7.489486122 44
7.491753717 44
7.494315827 44
7.496981492 44
7.498961870 44
7.501468142 44
7.503908491 44
7.506488309 44
7.508950508 44
7.511446128 44
7.513934947 44
7.515928023 44
7.518431988 44
7.520938714 44
7.523418602 44
7.525917154 44
7.528407968 44
7.530916457 44
7.532900924 44
7.535392833 44
7.537886002 44
7.540385579 45
7.542901570 45
7.545373877 45
7.547891640 45
7.549864000 45
7.552370104 45
7.554860030 45
7.557386518 45
7.559847582 45
7.562351283 45
7.564334427 45
7.566818049 45
7.568954565 45
7.571823717 45
7.574337189 45
7.576753499 45
7.579310853 45
7.581322156 45
7.583794664 45
7.586291648 45
7.588808321 45
7.591285791 45
7.593779221 46
7.596282321 46
7.600259713 46
7.600765684 46
7.603255165 46
7.605773650 46
7.608271118 46
7.610754627 46
7.613296869 46
7.615235855 46
7.617729450 46
7.620228866 46
7.622723074 46
7.625231065 46
7.627712651 46
7.630219085 46
7.632209401 46
7.634693352 46
7.637205458 46
7.639686991 46
7.642179950 46
7.644785339 46
7.647176102 46
7.649168222 47
7.651655312 47
7.654151065 47
7.656685616 47
7.659145989 47
7.660853701 47
7.663537293 47
7.665963706 47
7.668639411 47
7.671119686 47
7.673618094 47
7.676112918 47
7.678630014 47
7.680612825 47
7.683093267 47
7.685586994 47
7.688089224 47
7.690582768 47
7.693076880 47
7.695568707 47
7.697573584 47
7.700054469 47
7.702552663 47
7.705050980 47
7.707547391 48
7.710052020 48
7.712557177 48
7.714526266 48
7.717085526 48
7.719284930 48
7.722013228 48
7.724005399 48
7.727010758 48
7.729511843 48
7.731510515 48
7.733986250 48
7.736504969 48
7.738979100 48
7.741497638 48
7.743975809 48
7.746470354 48
7.748479385 48
7.750950639 48
7.753451031 48
7.755716704 48
7.758500609 48
7.760948285 48
7.763439738 48
7.765425745 49
7.767923751 49
7.770408042 49
7.772914865 49
7.775406441 49
7.777712231 49
7.780401282 49
7.782377675 49
7.784837899 49
7.787382114 49
7.789946082 49
7.792197517 49
7.794864789 49
7.797370568 49
7.799357737 49
7.801859011 49
7.804346758 49
7.806847278 49
7.809373828 49
7.811684544 49
7.813829558 49
7.816095229 49
7.818820668 49
7.821327350 49
7.823813692 50
7.826306550 50
7.828820246 50
7.831114430 50
7.833283431 50
7.835793437 50
7.838278921 50
7.841568673 50
7.843270621 50
7.845764093 50
7.847586380 50
7.850260310 50
7.852768166 50
7.855257215 50
7.857742933 50
7.860238397 50
7.862743346 50
7.864747312 50
7.867220758 50
7.869713228 50
7.872226408 50
7.874710687 50
7.877210626 50
7.879708314 50
7.881528840 50
7.884188151 51
7.886680732 51
7.889182453 51
7.891681135 51
7.894171039 51
7.896690190 51
7.898651331 51
7.901150101 51
7.903487579 51
7.906042343 51
7.908522514 51
7.911138841 51
7.913413061 51
7.915622377 51
7.918118313 51
7.920642558 51
7.923113854 51
7.925624115 51
7.928100216 51
7.930088666 51
7.932607399 51
7.935080545 51
7.937568597 51
7.939866449 51
7.942572865 51
7.945070572 51
7.947056107 52
7.949556432 52
7.952060242 52
7.954549385 52
7.957059331 52
7.959537440 52
7.962033806 52
7.964617428 52
7.966517675 52
7.969015537 52
7.971421259 52
7.974005439 52
7.976519760 52
7.978992842 52
7.981015233 52
7.983489226 52
7.985999482 52
7.988496543 52
7.990974311 52
7.993471579 52
7.995961636 52
7.997955538 52
8.000472368 52
8.002946867 52
8.005445884 52
8.007942339 52
8.010436921 53
8.012958562 53
8.014936718 53
8.017415715 53
8.019909039 53
8.022409056 53
8.025326745 53
8.027402070 53
8.029954828 53
8.031434083 53
8.034334813 53
8.036897100 53
8.039380192 53
8.041503273 53
8.044179017 53
8.046865529 53
8.048632025 53
8.051351729 53
8.053856995 53
8.056372816 53
8.058846729 53
8.061390273 53
8.063829079 53
8.065714441 53
8.068320826 53
8.070810872 53
8.073320094 54
8.075802557 54
8.078297598 54
8.080815060 54
8.082786599 54
8.085279714 54
8.087784269 54
8.090146550 54
8.092773875 54
8.095279463 54
8.097764305 54
8.099751649 54
8.102254846 54
8.104758200 54
8.107306060 54
8.109736275 54
8.112238283 54
8.114228380 54
8.116738968 54
8.119209196 54
8.121711830 54
8.124252440 54
8.126703181 54
8.129202938 54
8.131217483 54
8.133704581 54
8.136173751 54
8.138677706 55
8.141172933 55
8.143159007 55
8.146209319 55
8.148155047 55
8.150645832 55
8.153139113 55
8.155685006 55
8.159637936 55
8.160661095 55
8.163141111 55
8.165144745 55
8.167607408 55
8.170114100 55
8.172634456 55
8.175125368 55
8.177597305 55
8.179610393 55
8.182110851 55
8.184595951 55
8.187119856 55
8.189574183 55
8.192071180 55
8.194414685 55
8.196573650 55
8.199049586 55
8.201546664 55
8.204089564 55
8.206599523 56
8.209093047 56
8.211575231 56
8.213570114 56
8.216110618 56
8.218173349 56
8.220841631 56
8.223549790 56
8.225925646 56
8.228582871 56
8.230535018 56
8.233031785 56
8.235321868 56
8.238017515 56
8.240543838 56
8.243017325 56
8.245522779 56
8.247510718 56
8.249995817 56
8.252510771 56
8.254989248 56
8.257494602 56
8.259984634 56
8.262481381 56
8.264493034 56
8.266956641 56
8.269545213 56
8.271956359 56
8.274258138 57
8.276944739 57
8.279453329 57
8.281452912 57
8.283924453 57
8.286152812 57
8.288935978 57
8.291419408 57
8.293914323 57
8.295906466 57
8.298399153 57
8.300954362 57
8.303391134 57
8.305896798 57
8.308382552 57
8.310371202 57
8.312831514 57
8.315381753 57
8.317655268 57
8.320358677 57
8.322864203 57
8.325195796 57
8.327807515 57
8.329832279 57
8.332381368 57
8.334824480 57
8.337324067 57
8.339821058 57
8.342302278 58
8.344681342 58
8.346793104 58
8.349295881 58
8.351787820 58
8.354292857 58
8.356795764 58
8.359286839 58
8.361801640 58
8.363804756 58
8.366061213 58
8.368783428 58
8.371257809 58
8.373773152 58
8.376246313 58
8.378758401 58
8.380753517 58
8.383229068 58
8.385720896 58
8.388213964 58
8.390717146 58
8.393207520 58
8.395708322 58
8.397706549 58
8.400194738 58
8.402683340 58
8.405192808 58
8.407681609 58
8.410164856 58
8.412692642 59
8.414656264 59
8.417174637 59
8.419666479 59
8.422162810 59
8.425300996 59
8.427141515 59
8.429129660 59
8.431644425 59
8.434162303 59
8.436457228 59
8.439116448 59
8.441614149 59
8.444104368 59
8.446110972 59
8.448633651 59
8.451087472 59
8.453585693 59
8.456108011 59
8.458576771 59
8.461066757 59
8.463064789 59
8.465588887 59
8.468056414 59
8.470575745 59
8.473050969 59
8.475549073 59
8.478088438 59
8.480032427 59
8.482529165 59
8.485014537 60
8.487514304 60
8.489507401 60
8.492531095 60
8.494492619 60
8.496811032 60
8.499490308 60
8.502027055 60
8.504504456 60
8.507018462 60
8.509518744 60
8.511988601 60
8.513960908 60
8.516466710 60
8.518953568 60
8.521451865 60
8.523957178 60
8.526446703 60
8.528954572 60
8.530940448 60
8.533420589 60
8.535921290 60
8.538220693 60
8.540934004 60
8.543422899 60
8.545906479 60
8.547893770 60
8.550393489 60
8.552909696 60
8.555382848 60
8.557880537 61
8.560373876 61
8.562376867 61
8.564875412 61
8.567349775 61
8.569854240 61
8.572253311 61
8.574760768 61
8.577341584 61
8.579349080 61
8.581845003 61
8.584314050 61
8.586832291 61
8.588801312 61
8.591701839 61
8.594407196 61
8.596302651 61
8.598793298 61
8.601101797 61
8.603797177 61
8.606331266 61
8.608801152 61
8.611251618 61
8.613262676 61
8.615756237 61
8.618250908 61
8.620774083 61
8.623245501 61
8.626229413 61
8.627744413 61
8.630230730 62
8.632728571 62
8.635222046 62
8.637718684 62
8.640206379 62
8.642707753 62
8.645253070 62
8.647207394 62
8.649688231 62
8.652190672 62
8.654676902 62
8.657164249 62
8.659674242 62
8.662202165 62
8.664154314 62
8.666666330 62
8.669145193 62
8.671647023 62
8.674014329 62
8.676666860 62
8.679157558 62
8.681154032 62
8.683424673 62
8.686124004 62
8.688646388 62
8.691115152 62
8.693635208 62
8.695597902 62
8.698091786 62
8.700603197 62
8.703080594 62
8.705581945 63
8.708072534 63
8.710567925 63
8.713064172 63
8.716049697 63
8.716584774 62
8.717551151 62
8.719056083 61
8.720051362 61
8.721037436 60
8.722548914 60
8.723563900 59
8.725043656 59
8.726033564 58
8.727537352 58
8.728580007 57
8.729563319 57
8.731050014 56
8.732044284 56
8.733526065 55
8.736045727 55
8.738011387 54
8.740354100 53
8.742999376 52
8.745491282 51
8.747989206 50
8.750289703 49
8.752983247 48
8.754974470 47
8.757473485 46
8.760006727 45
8.762509148 44
8.764959539 43
8.767473610 42
8.769956405 41
8.771951076 40
8.774433665 39
8.776931950 38
8.779921675 37
8.781958176 36
8.784416276 35
8.786920977 34
8.788924065 33
8.790410783 31
8.791416391 31
8.792935807 30
8.793894771 30
8.795247237 29
8.796402715 29
8.797392004 28
8.798912027 28
8.799700263 27
8.801438770 27
8.802379166 26
8.803882157 26
8.804878948 25
8.805877525 25
8.807385587 24
8.808235597 24
8.810867166 23
8.813361774 22
8.815859603 21
8.818357376 20
8.820344181 19
8.822842570 18
8.825833814 17
8.827830630 15
8.830325743 15
8.832391586 16
8.835323139 16
8.837306974 16
8.839808868 16
8.842323560 16
8.844828637 16
8.847296583 16
8.849796856 16
8.852289016 17
8.854273913 17
8.856610705 17
8.859264608 17
8.861761587 17
8.864258901 17
8.866755289 17
8.869239964 17
8.871262274 18
8.873745377 18
8.876229899 18
8.878731550 18
8.881242334 18
8.883721264 18
8.886217931 18
8.888208258 18
8.890709384 18
8.893193979 19
8.895691148 19
8.898189497 19
8.900702821 19
8.902990451 19
8.905169135 19
8.907668597 19
8.910157723 19
8.912455730 19
8.915157644 19
8.917651259 20
8.920171518 20
8.922147647 20
8.924647068 20
8.927128001 20
8.929632825 20
8.932162356 20
8.934616504 20
8.936269169 20
8.939107567 20
8.941596325 21
8.944116229 21
8.946593655 21
8.949093694 21
8.951440093 21
8.953568105 21
8.956087863 21
8.958567391 21
8.961062917 21
8.963584207 21
8.966049272 22
8.968045393 22
8.970546668 22
8.973045309 22
8.975533559 22
8.978028423 22
8.980537504 22
8.983031265 22
8.986008961 22
8.987505735 22
8.989996460 22
8.992531147 23
8.995023311 23
8.997483845 23
8.999986583 23
9.002505732 23
9.004485379 23
9.006980333 23
9.009466648 23
9.011964012 23
9.014455354 23
9.016950360 23
9.019215716 23
9.021432994 24
9.023932994 24
9.026451331 24
9.028917583 24
9.031444308 24
9.033915896 24
9.036413206 24
9.038394359 24
9.040919023 24
9.043394594 24
9.045890016 24
9.048393998 24
9.050882182 25
9.052885432 25
9.055170788 25
9.057868388 25
9.060358992 25
9.062858581 25
9.065352782 25
9.067875433 25
9.070349813 25
9.072343769 25
9.074827346 25
9.077322844 25
9.079817811 26
9.082341013 26
9.084833138 26
9.087310229 26
9.089299317 26
9.091839675 26
9.094290154 26
9.096810591 26
9.098592874 26
9.101788942 26
9.103788327 26
9.106290360 26
9.108790506 26
9.111257631 27
9.113773121 27
9.116253019 27
9.118739731 27
9.120762676 27
9.123232082 27
9.125725760 27
9.128220615 27
9.130719238 27
9.133229315 27
9.135718982 27
9.137702458 27
9.140221152 27
9.142686059 27
9.145197785 28
9.147696435 28
9.150178953 28
9.152686040 28
9.154663118 28
9.157176316 28
9.159711246 28
9.162158473 28
9.164679017 28
9.167143357 28
9.169646575 28
9.171642042 28
9.174132925 28
9.176662446 28
9.179127293 29
9.181679702 29
9.184111005 29
9.186608762 29
9.188616911 29
9.190585494 29
9.193596059 29
9.196098134 29
9.198586400 29
9.201080938 29
9.203583760 29
9.205560751 29
9.208079138 29
9.210551219 29
9.213063480 30
9.215547760 30
9.217392723 30
9.222631963 30
9.223559446 30
9.225039953 30
9.227543677 30
9.230042753 30
9.232540989 30
9.235020933 30
9.237010461 30
9.239527682 30
9.242001831 30
9.244507037 30
9.246984530 30
9.249520828 31
9.251973827 31
9.253964081 31
9.256496244 31
9.258981090 31
9.261249006 31
9.263950274 31
9.266390610 31
9.268946445 31
9.270899952 31
9.273427260 31
9.275931356 31
9.278416898 31
9.280949561 31
9.283408790 31
9.285912391 31
9.287787003 32
9.290389323 32
9.292905418 32
9.295387763 32
9.297894521 32
9.300378576 32
9.302870163 32
9.304864645 32
9.307380334 32
9.309852160 32
9.312368147 32
9.314863631 32
9.317344755 32
9.319843169 32
9.321828700 32
9.324331453 32
9.326670723 33
9.329317931 33
9.331834819 33
9.334307968 33
9.336836322 33
9.338794461 33
9.341303193 33
9.343785535 33
9.346288767 33
9.348803567 33
9.351273822 33
9.353797670 33
9.355757966 33
9.358010400 33
9.360773054 33
9.363249601 33
9.365684458 34
9.368248973 34
9.370232739 34
9.372656014 34
9.375222413 34
9.377723794 34
9.380215338 34
9.382763983 34
9.384742416 34
9.387203528 34
9.389693952 34
9.392202824 34
9.394683422 34
9.397187848 34
9.399669801 34
9.402168783 34
9.404159451 34
9.406658012 35
9.409152611 35
9.411655699 35
9.414193643 35
9.416662148 35
9.418626262 35
9.421130826 35
9.423618946 35
9.426116240 35
9.428642201 35
9.430910487 35
9.433613401 35
9.436117359 35
9.438099284 35
9.440627328 35
9.443089348 35
9.445583305 35
9.448002508 35
9.450578761 36
9.452613247 36
9.455076798 36
9.457553655 36
9.460046350 36
9.462332718 36
9.464701326 36
9.467541915 36
9.469530597 36
9.472056064 36
9.474525937 36
9.477020269 36
9.479284026 36
9.482020632 36
9.484521369 36
9.486874309 36
9.489007137 36
9.491488819 36
9.493978424 37
9.496510504 37
9.499496436 37
9.501472189 37
9.503975314 37
9.505955564 37
9.508475795 37
9.510947383 37
9.513479626 37
9.515936624 37
9.518457846 37
9.520447865 37
9.522924194 37
9.525420092 37
9.527923267 37
9.530415336 37
9.532929539 37
9.535409740 37
9.537407144 38
9.539889243 38
9.542400324 38
9.544920574 38
9.547378719 38
9.549872871 38
9.552377591 38
9.554341564 38
9.556873878 38
9.559351316 38
9.561873911 38
9.564353344 38
9.566841352 38
9.569342789 38
9.571229245 38
9.573820809 38
9.576334578 38
9.578814515 38
9.581332452 38
9.583803978 39
9.585798106 39
9.588291101 39
9.590787156 39
9.593293634 39
9.595783929 39
9.598280071 39
9.600806624 39
9.602548625 39
9.605263391 39
9.607778087 39
9.610252229 39
9.612782106 39
9.615245635 39
9.617735430 39
9.620240467 39
9.622224730 39
9.625128100 39
9.627219181 39
9.629714371 39
9.632218395 40
9.634707967 40
9.637199013 40
9.639192207 40
9.641681310 40
9.644183887 40
9.646674068 40
9.649194399 40
9.651159473 40
9.653716073 40
9.656170442 40
9.658656084 40
9.661150527 40
9.663650960 40
9.666160341 40
9.668652599 40
9.670626649 40
9.673122833 40
9.675629946 40
9.678001513 40
9.680625448 41
9.683102979 41
9.685510114 41
9.687407133 41
9.689849505 41
9.692476755 41
9.695089024 41
9.697576002 41
9.700078123 41
9.702569362 41
9.704579055 41
9.707054772 41
9.709551869 41
9.712057808 41
9.714544370 41
9.717043878 41
9.719030865 41
9.721520949 41
9.723797184 41
9.726514250 41
9.729010819 42
9.731521482 42
9.734006584 42
9.736515543 42
9.738288222 42
9.740786170 42
9.743473891 42
9.745975135 42
9.748291405 42
9.750968791 42
9.753470761 42
9.755447636 42
9.757946971 42
9.760463651 42
9.762938819 42
9.765438834 42
9.767933757 42
9.771418907 42
9.772415765 42
9.774918817 42
9.777420049 42
9.779909706 43
9.782422883 43
9.784916456 43
9.786894367 43
9.789391275 43
9.791882581 43
9.794383027 43
9.796874050 43
9.799398780 43
9.801867387 43
9.803857274 43
9.806392374 43
9.808870314 43
9.811342971 43
9.813833984 43
9.816291961 43
9.818833159 43
9.820857196 43
9.823317141 43
9.826317842 43
9.828310488 43
9.830846718 43
9.833301945 44
9.835815912 44
9.837790804 44
9.840290181 44
9.842807040 44
9.845795158 44
9.847764757 44
9.850288208 44
9.852798605 44
9.854753239 44
9.857262765 44
9.859743555 44
9.862284293 44
9.864754435 44
9.867229431 44
9.869722787 44
9.871719620 44
9.874216526 44
9.876476518 44
9.879211911 44
9.881703441 44
9.884214200 44
9.886704276 45
9.888705623 45
9.891009841 45
9.893176056 45
9.896176460 45
9.898671549 45
9.901156908 45
9.903154423 45
9.905653446 45
9.908144201 45
9.910643183 45
9.913137948 45
9.915578629 45
9.918123755 45
9.920129547 45
9.922613348 45
9.925139514 45
9.927444218 45
9.930109511 45
9.932635677 45
9.934592805 45
9.937092054 45
9.939577928 46
9.942084408 46
9.944592257 46
9.947070401 46
9.949629573 46
9.951560087 46
9.954052225 46
9.956585477 46
9.959069677 46
9.961533238 46
9.964036933 46
9.966033711 46
9.969043352 46
9.971017374 46
9.973468923 46
9.976011706 46
9.978529357 46
9.981037051 46
9.983507925 46
9.986015013 46
9.987988134 46
9.990475659 46
9.992970442 46
9.995329384 47
9.998000164 47
10.000494409 47
10.002961835 47
10.004755268 47
10.007441166 47
10.009713158 47
10.012471154 47
10.014938337 47
10.017428145 47
10.019936456 47
10.021538809 47
10.024413683 47
10.026925195 47
10.029328173 47
10.031738874 47
10.034255836 47
10.036388525 47
10.038731863 47
10.041377022 47
10.043875127 47
10.046372343 47
10.048895386 47
10.050870792 47
10.053354147 48
10.055847599 48
10.058361892 48
10.060862736 48
10.063332203 48
10.065826824 48
10.068128330 48
10.070312767 48
10.072832766 48
10.075305914 48
10.077616996 48
10.080314423 48
10.082661764 48
10.085317702 48
10.087159907 48
10.089774556 48
10.092273572 48
10.094772037 48
10.097265243 48
10.099782015 48
10.102313706 48
10.104248921 48
10.106754343 48
10.109238709 48
10.111763309 49
10.114237219 49
10.116751289 49
10.119232887 49
10.121211894 49
10.123710143 49
10.126079890 49
10.128726097 49
10.131222234 49
10.133741983 49
10.136195049 49
10.138182973 49
10.140695620 49
10.143168611 49
10.145535987 49
10.148168468 49
10.150661722 49
10.153160376 49
10.155141894 49
10.157640081 49
10.160144987 49
10.162637385 49
10.165130538 49
10.167626769 49
10.169618335 50
10.172111015 50
10.174603597 50
10.176913079 50
10.179597865 50
10.181930940 50
10.184611310 50
10.186582597 50
10.189076858 50
10.191343788 50
10.194072565 50
10.196332443 50
10.199060334 50
10.201561883 50
10.203766325 50
10.205964824 50
10.208416135 50
10.210908321 50
10.213408230 50
10.215906283 50
10.218404290 50
10.220942288 50
10.223396406 50
10.225900731 50
10.227900459 50
10.230378165 51
10.232905136 51
10.235369813 51
10.237871399 51
10.240359902 51
10.242372170 51
10.244872329 51
10.247337650 51
10.249841155 51
10.252375517 51
10.254320912 51
10.257266472 51
10.259319167 51
10.261738768 51
10.264310464 51
10.266813556 51
10.268864919 51
10.271807683 51
10.273788989 51
10.276293966 51
10.278781466 51
10.281306060 51
10.283802693 51
10.286285504 51
10.288777523 51
10.290762852 51
10.293244118 52
10.295744641 52
10.298193646 52
10.300230855 52
10.303231161 52
10.305735723 52
10.307712281 52
10.310263252 52
10.312735644 52
10.315044922 52
10.317701667 52
10.320201795 52
10.322198050 52
10.325194171 52
10.328175485 52
10.329673196 52
10.332189243 52
10.334668716 52
10.337185382 52
10.339598938 52
10.341698871 52
10.344013471 52
10.346642252 52
10.349147498 52
10.351632873 52
10.354125567 52
10.356648178 53
10.358613999 53
10.361109047 53
10.363636703 53
10.366099307 53
10.368621708 53
10.371090929 53
10.373592887 53
10.375363496 53
10.378089263 53
10.380605043 53
10.383134479 53
10.385564578 53
10.388063614 53
10.390053248 53
10.392580115 53
10.395046564 53
10.397539062 53
10.400038258 53
10.402532070 53
10.405034201 53
10.407064705 53
10.409507720 53
10.412005630 53
10.414506543 53
10.417012868 53
10.419494785 54
10.421481547 54
10.423984211 54
10.426502428 54
10.428974087 54
10.431496983 54
10.433970893 54
10.436479252 54
10.438964658 54
10.440980528 54
10.443443493 54
10.445950003 54
10.448460270 54
10.450934539 54
10.453443775 54
10.455967594 54
10.457915610 54
10.460408961 54
10.462869711 54
10.465403715 54
10.468409891 54
10.470395696 54
10.472916308 54
10.474879095 54
10.477152689 54
10.479874987 54
10.482391617 54
10.484881031 55
10.486902981 55
10.489346556 55
10.491860307 55
10.494344652 55
10.496879318 55
10.499338637 55
10.501844546 55
10.504342636 55
10.506344122 55
10.508832079 55
10.511312931 55
10.513835043 55
10.516301183 55
10.518791050 55
10.521287647 55
10.523792139 55
10.525776461 55
10.528284171 55
10.530780964 55
10.533274419 55
10.535759187 55
10.538264115 55
10.540165852 55
10.542744508 55
10.545258156 55
10.547744192 55
10.550230082 55
10.552746495 56
10.555217749 56
10.557242738 56
10.559706411 56
10.562215077 56
10.564724301 56
10.567210781 56
10.569691410 56
10.572030476 56
10.573793104 56
10.576541422 56
10.579171540 56
10.581476566 56
10.584165888 56
10.586665922 56
10.589156601 56
10.591191129 56
10.593645851 56
10.596136984 56
10.598652413 56
10.601124466 56
10.603624898 56
10.606138416 56
10.608119305 56
10.610390595 56
10.613099643 56
10.615599430 56
10.618096225 56
10.620086477 57
10.622634963 57
10.625587368 57
10.627574453 57
10.630068927 57
10.632592870 57
10.635094844 57
10.637573168 57
10.640069994 57
10.642062936 57
10.644562081 57
10.647037843 57
10.649430060 57
10.652030154 57
10.654526303 57
10.657048907 57
10.659007451 57
10.661504942 57
10.663925445 57
10.666339162 57
10.668977675 57
10.671498613 57
10.673265582 57
10.675975559 57
10.678487865 57
10.680991306 57
10.683462347 57
10.685958763 57
10.688466996 58
10.690445618 58
10.693010577 58
10.695434887 58
10.697938445 58
10.700247692 58
10.702919520 58
10.705425161 58
10.707427428 58
10.709911696 58
10.712414924 58
10.714926400 58
10.717395251 58
10.719885465 58
10.722387127 58
10.725615542 58
10.726916284 58
10.729364672 58
10.731866530 58
10.734360857 58
10.736874352 58
10.739352675 58
10.741345956 58
10.743854682 58
10.746327881 58
10.748606823 58
10.751320964 58
10.753825312 58
10.756349073 58
10.758354624 59
10.760622086 59
10.763298630 59
10.765576765 59
10.768294094 59
10.770786400 59
10.773208729 59
10.775293202 59
10.777765684 59
10.780260922 59
10.782760981 59
10.785253190 59
10.787621253 59
10.789746083 59
10.792243364 59
10.794731836 59
10.797226717 59
10.799780253 59
10.801724819 59
10.804759248 59
10.807237952 59
10.809204840 59
10.811707066 59
10.814212120 59
10.816714184 59
10.819180508 59
10.821688258 59
10.823684194 59
10.826176763 59
10.828674155 59
10.831226487 60
10.833666412 60
10.836183123 60
10.838608772 60
10.840671975 60
10.843134702 60
10.845633120 60
10.848144218 60
10.850632019 60
10.853123765 60
10.855579032 60
10.857625027 60
10.859970717 60
10.862595191 60
10.865164072 60
10.867589678 60
10.870092199 60
10.872616643 60
10.874575097 60
10.877001821 60
10.879578380 60
10.884054110 60
10.884572089 60
10.887046343 60
10.889553007 60
10.891540966 60
10.894036340 60
10.896547390 60
10.899033472 60
10.901518466 60
10.904015319 61
10.906534406 61
10.908549210 61
10.911015665 61
10.913495625 61
10.916502761 61
10.918498180 61
10.920985870 61
10.923484311 61
10.925476354 61
10.927968029 61
10.930456690 61
10.932972929 61
10.935451765 61
10.937957469 61
10.939968573 61
10.942441061 61
10.944984664 61
10.947442048 61
10.949213306 61
10.952422998 61
10.954779490 61
10.956950307 61
10.959403550 61
10.961705660 61
10.964398684 61
10.966900287 61
10.969384983 61
10.971891219 61
10.973868946 61
10.976174455 62
10.978863146 62
10.981216615 62
10.983854312 62
10.986394639 62
10.988872369 62
10.990829553 62
10.993339640 62
10.995825028 62
10.998139118 62
11.000853655 62
11.003314661 62
11.005816813 62
11.007807776 62
11.010312970 62
11.012815275 62
11.015292113 62
11.017832944 62
11.019563663 62
11.022779751 62
11.025188033 62
11.027189659 62
11.029765297 62
11.032281141 62
11.034773802 62
11.037253576 62
11.039516094 62
11.041603728 62
11.044229271 62
11.046734602 62
11.049270004 62
11.051719799 63
11.054211389 63
11.056232367 63
11.058700597 63
11.060199108 62
11.061188628 62
11.062706893 61
11.063686816 61
11.065018446 60
11.066195557 60
11.067184566 59
11.068711236 59
11.069722868 58
11.071198812 58
11.072178666 57
11.073169357 57
11.074447186 56
11.075663360 56
11.076693525 55
11.079457705 55
11.081665039 54
11.084132495 53
11.086642705 52
11.089148302 51
11.091644980 50
11.093992258 49
11.096662007 48
11.098621470 47
11.100957408 46
11.103612245 45
11.106137287 44
11.108394174 43
11.111034975 42
11.113601692 41
11.115583115 40
11.117903488 39
11.120594699 38
11.123078329 37
11.125575841 36
11.128104612 35
11.130570511 34
11.132572289 33
11.134054309 31
11.135046809 31
11.136577643 30
11.137545833 30
11.139052329 29
11.140039182 29
11.140924025 28
11.142532749 28
11.143458483 27
11.145033018 27
11.146023113 26
11.147569423 26
11.148548483 25
11.149526861 25
11.151012214 24
11.152013222 24
11.154508360 23
11.157035376 22
11.159500552 21
11.161998380 20
11.164520016 19
11.166483454 18
11.168977070 17
11.171473722 15
11.173838835 15
11.176508137 16
11.178963610 16
11.181493544 16
11.183450343 16
11.185807479 16
11.188528921 16
11.190938520 16
11.193433476 16
11.195929381 17
11.197921505 17
11.200442235 17
11.202958667 17
11.205470276 17
11.207945899 17
11.210443479 17
11.212806434 17
11.214981768 18
11.217424778 18
11.219918297 18
11.222043644 18
11.225427926 18
11.227410222 18
11.229920547 18
11.231915736 18
11.234406074 18
11.236914877 19
11.239390908 19
11.241885067 19
11.244385985 19
11.246909930 19
11.248883977 19
11.251366751 19
11.253861713 19
11.256386637 19
11.258345538 19
11.261346611 20
11.263345520 20
11.265835361 20
11.268335147 20
11.270826046 20
11.273339928 20
11.275682340 20
11.278313039 20
11.280310669 20
11.282802615 20
11.285294861 21
11.287624116 21
11.290288589 21
11.292811124 21
11.295299617 21
11.297271386 21
11.299761186 21
11.302256650 21
11.304802602 21
11.307269533 21
11.309768386 22
11.312311216 22
11.314237100 22
11.316746984 22
11.319223052 22
11.321733942 22
11.324221904 22
11.326714794 22
11.329259613 22
11.331222807 22
11.333691745 22
11.336192063 23
11.338686418 23
11.341183257 23
11.343448564 23
11.345673362 23
11.348167740 23
11.350658490 23
11.353157279 23
11.355657154 23
11.358030770 23
11.360655609 23
11.363150027 23
11.364932387 24
11.367623691 24
11.370119778 24
11.372645490 24
11.375111570 24
11.377437005 24
11.379603352 24
11.382166513 24
11.384518868 24
11.387092513 24
11.389588957 24
11.391899804 24
11.396070121 25
11.396599478 25
11.399052556 25
11.401557963 25
11.404059778 25
11.406565171 25
11.409060271 25
11.411552922 25
11.413541558 25
11.416031552 25
11.418525290 25
11.421026551 25
11.423516309 26
11.426027859 26
11.428535192 26
11.430503894 26
11.432843816 26
11.435491391 26
11.437987949 26
11.440506673 26
11.443028762 26
11.445368179 26
11.447463185 26
11.449966324 26
11.452477287 26
11.454959345 27
11.457449210 27
11.459944834 27
11.462451847 27
11.464477118 27
11.466718652 27
11.469422791 27
11.471945394 27
11.474472044 27
11.476920689 27
11.479413173 27
11.481420752 27
11.483900173 27
11.486388245 27
11.488885484 28
11.491382153 28
11.493874387 28
11.496382780 28
11.498358831 28
11.500894172 28
11.503383518 28
11.505890150 28
11.508343013 28
11.510305209 28
11.513345342 28
11.515326217 28
11.517827122 28
11.520321721 28
11.522828879 29
11.525318939 29
11.527815080 29
11.529805236 29
11.532335099 29
11.534790374 29
11.537285756 29
11.539785022 29
11.542282649 29
11.544795941 29
11.546843451 29
11.549256657 29
11.551756484 29
11.554249250 29
11.556766137 30
11.559238217 30
11.561746915 30
11.563729319 30
11.566222957 30
11.568740410 30
11.571215828 30
11.573520599 30
11.576203015 30
11.578706700 30
11.580710307 30
11.583194800 30
11.585685922 30
11.588224232 30
11.590682293 30
11.593178450 31
11.595175352 31
11.597657694 31
11.600154301 31
11.602647382 31
11.605151391 31
11.607659245 31
11.610143648 31
11.612131801 31
11.614628036 31
11.617123120 31
11.619663495 31
11.622133289 31
11.625255419 31
11.627103395 31
11.629610029 31
11.631593458 32
11.634082166 32
11.636609899 32
11.638667442 32
11.641571670 32
11.644068993 32
11.646368785 32
11.648603599 32
11.650905084 32
11.653421732 32
11.656073137 32
11.658585701 32
11.660550277 32
11.663541965 32
11.665535056 32
11.667831858 32
11.670516678 33
11.673017102 33
11.675509436 33
11.678010860 33
11.680014982 33
11.682492590 33
11.684984643 33
11.687487008 33
11.689980263 33
11.692536015 33
11.694975096 33
11.696966138 33
11.699456533 33
11.701959812 33
11.704472967 33
11.706952518 33
11.709248514 34
11.711947940 34
11.713840854 34
11.716425119 34
11.718914442 34
11.721410863 34
11.725424429 34
11.727899368 34
11.728927700 34
11.731431548 34
11.733391034 34
11.735769754 34
11.737823897 34
11.740927544 34
11.743373354 34
11.745904551 34
11.747859156 34
11.750358690 35
11.752878134 35
11.755358213 35
11.757846413 35
11.759829412 35
11.762839124 35
11.764850790 35
